350338,807397,1
871665,769781,2
881316,540289,1
772033,772033,2
75184,768393,1
258340,258340,1
337784,337784,1
164483,655324,1
821280,258340,1
990827,289759,1
990827,990827,1
915836,339290,1
596770,631431,1
660949,740559,1
660949,354195,1
975869,556267,1
994155,837006,1
223240,355931,1
300989,701625,1
655324,218939,1
28150,112745,1
28150,222576,1
28150,28150,1
28150,801945,1
155639,366400,1
59224,482680,1
59224,223240,1
383279,366400,1
805002,128497,1
641985,262933,1
8415,730669,1
8415,531906,1
8415,126291,1
8415,8415,1
172649,614677,1
172649,686071,1
172649,934361,1
923416,740559,1
923416,354195,1
923416,68363,1
69360,110062,1
395428,314841,1
833453,833453,1
718390,491920,1
824297,65509,1
786027,37288,1
677814,536575,1
677814,685520,1
883914,383279,1
883914,366400,1
875883,536575,1
573576,220072,1
573576,573576,1
985263,112745,1
713987,447187,1
713987,147108,1
259442,985263,1
259442,112745,1
126291,653398,1
126291,888562,1
126291,854572,1
126291,640167,2
126291,949786,1
126291,730669,1
770463,686071,1
901602,832804,1
401483,881316,1
720041,29479,1
154184,837006,1
778982,832804,1
531906,82679,1
531906,606821,1
531906,205011,1
531906,319166,1
531906,640167,1
531906,126291,1
807621,747508,1
769232,590573,2
568821,931793,1
568821,401686,1
425524,515429,1
317148,785671,1
317148,317148,2
904741,904741,1
904741,808734,1
127543,240443,1
22516,22516,1
368059,904741,1
467773,719665,1
467773,375477,1
182034,984153,1
24751,154481,1
879204,213181,1
493699,832804,1
493699,677335,1
916535,620487,1
916535,213181,1
828522,218813,1
653398,653398,1
653398,319166,1
653398,854572,1
282527,282527,1
282527,686071,1
247972,493699,1
247972,832804,1
247972,536575,1
361194,686071,1
361194,437388,1
361194,38628,1
361194,340745,1
86784,343955,1
427150,941666,1
581501,686071,1
581501,581501,1
394843,739335,1
667138,886530,1
34823,34823,1
636949,636949,1
405976,853238,1
984153,262933,1
984153,984153,1
984153,230949,1
394631,523058,1
784148,500287,1
176434,2900,1
176434,102182,1
965836,819997,1
405292,459813,1
362232,686071,1
822710,904741,1
71262,429630,1
298445,636949,1
299899,16966,1
299899,299899,1
299899,404485,1
299899,904741,1
767229,832804,1
767229,767229,1
50127,500689,1
50127,394693,1
590573,55576,1
590573,769232,1
590573,590573,1
687152,555220,1
701625,536575,1
701625,55576,1
701625,701625,1
905846,969286,1
11504,536575,1
159228,969286,1
159228,687152,1
159228,555220,1
949749,969286,2
571150,832804,1
149230,199032,1
149230,147104,1
158231,129210,1
483517,536575,1
804795,480154,1
129210,383836,1
248855,230095,1
459908,221567,1
387936,807685,1
325521,55576,1
325521,339006,1
26749,395030,1
26749,16966,1
26749,176229,1
26749,686071,1
150363,464401,1
823294,823294,1
47855,362704,1
628840,458460,1
628840,339006,1
449539,640167,1
808734,620515,1
808734,284049,1
808734,904741,1
808734,808734,2
808734,191589,1
748959,264833,1
748959,770130,1
748959,295124,1
748959,112745,1
971602,229163,1
548487,832804,1
548487,548487,1
497361,832804,1
66451,60235,1
66451,66451,1
60235,60235,1
60235,66451,1
90615,90615,1
90615,832804,1
773574,909044,1
692553,394631,1
692553,701625,1
692553,830350,1
543864,692553,1
543864,830350,1
790696,444056,1
708845,773574,1
708845,909044,1
869775,686071,1
869775,869775,1
274965,620515,1
151065,677335,1
82000,600055,1
82000,82000,1
312381,6208,1
312381,696993,1
312381,904741,1
516563,104089,1
6253,104089,1
12705,693483,1
727059,500287,1
727059,278817,1
269269,832804,1
269269,81975,1
994598,620515,1
159626,16966,1
159626,550248,1
159626,566866,1
159626,2900,1
159626,395030,1
159626,33659,1
159626,314841,1
159626,159626,1
159626,128867,1
40778,832804,1
581793,459813,1
581793,969286,1
581793,154481,2
581793,505249,1
581793,942299,1
581793,764654,1
581793,137669,1
581793,934490,1
47759,535515,1
47759,191589,1
47759,926441,1
510279,150363,1
510279,464401,1
551577,821062,1
551577,150363,1
551577,693483,1
551577,464401,1
551577,223240,1
551577,514781,1
551577,536575,1
681302,952935,1
720510,916535,1
767766,544753,1
767766,832804,1
767766,701625,1
853238,832804,1
344279,482353,1
344279,663680,1
344279,888562,1
344279,414459,1
344279,368355,1
344279,68363,1
344279,410343,1
344279,344279,1
344279,362704,1
344279,32363,1
344279,555220,1
344279,242701,1
344279,13166,1
344279,322882,1
344279,699401,1
436758,936145,1
436758,436758,1
436758,577107,1
436758,686071,1
498644,539730,1
498644,245005,1
498644,523058,1
498644,666025,2
75756,919173,1
370550,143715,1
370550,370550,1
624287,351409,1
45695,45695,1
45695,454162,1
45695,317148,1
45695,682502,1
45695,837006,1
45695,191589,1
45695,722618,1
335413,384202,1
395077,444056,1
560374,560374,1
875868,696993,1
875868,669480,1
875868,430826,1
875868,588946,2
875868,875868,2
875868,158431,1
875868,481801,1
875868,391203,1
404652,14393,1
785318,340814,1
785318,836075,1
892946,560374,1
469101,242122,1
272778,764923,1
272778,749617,1
749617,881587,1
749617,638721,1
749617,749617,1
819997,27189,1
819997,154481,1
819997,745899,1
819997,734535,1
819997,499783,1
819997,72745,1
819997,888562,2
819997,142223,1
819997,131885,1
819997,307408,1
819997,662237,1
819997,22516,2
819997,686071,2
819997,240443,1
819997,456355,1
819997,966241,1
819997,385100,1
819997,612037,1
819997,625366,1
819997,485347,2
819997,466472,1
819997,530420,2
819997,218939,1
819997,764710,1
819997,613500,1
819997,819997,4
819997,677335,1
819997,904741,1
751705,8595,1
693483,693483,1
240321,832804,1
240321,682502,1
240321,888562,1
240321,523058,1
23886,222576,1
23886,444056,1
860866,960040,1
449222,384202,1
406300,832804,2
888562,469233,1
888562,218939,1
888562,62851,2
888562,640167,2
888562,843356,1
888562,583127,1
888562,777396,1
888562,384202,4
888562,505249,1
888562,730669,1
888562,620515,2
888562,452479,1
888562,454057,1
888562,200105,2
888562,485347,1
888562,666025,1
888562,550248,1
888562,965919,1
888562,258375,1
888562,242619,1
888562,819997,1
888562,485699,1
888562,14907,1
888562,383836,1
888562,648527,1
888562,969286,1
888562,982687,1
888562,91354,1
888562,2900,5
888562,459547,4
888562,883799,1
888562,832804,2
888562,794239,1
888562,686071,5
888562,444056,1
888562,436775,1
888562,448590,1
888562,523058,2
888562,113833,1
888562,888562,24
888562,562866,1
888562,142223,2
888562,456463,1
140016,242701,1
247516,832804,1
247516,71262,1
452025,452025,1
259400,112745,1
259400,7917,1
259400,685520,1
359465,2830,1
909085,832804,1
539459,383836,1
539459,10057,1
312369,456548,1
245730,204506,1
245730,79078,1
245730,444931,1
245730,95377,1
245730,245730,1
629532,581501,1
473627,118544,1
133578,686071,1
133578,344279,1
133578,2900,1
849187,456548,1
661443,456548,1
969286,732283,1
969286,102984,1
969286,431868,1
969286,530632,1
969286,924320,1
969286,204506,1
969286,314841,1
969286,949749,1
969286,159228,1
969286,317777,1
969286,969286,6
810924,458460,1
80228,80228,1
829910,113833,1
721798,577107,1
269236,2900,1
269236,686071,1
763456,683351,1
75055,75055,1
75055,118544,1
806273,806273,1
806273,2900,2
806273,686071,1
806273,113833,1
806273,640167,1
512955,553013,1
262270,595957,1
262270,769781,1
595957,422728,1
595957,575521,1
595957,595957,2
40396,519391,1
402061,862408,1
490299,370333,1
896673,575521,1
808143,135314,1
96881,128867,1
621371,523058,1
709743,968212,1
195647,268897,1
923705,724226,1
134212,615944,1
858447,222576,1
82502,2900,1
862107,444056,1
862107,686071,1
97184,204506,1
897302,827287,1
897302,102984,1
706762,721164,1
706762,575521,1
160205,832804,1
321688,222576,1
321688,464515,1
321688,31960,1
321688,969286,1
321688,686071,1
321688,321688,3
321688,281661,1
321688,2900,1
160902,35290,1
915361,832804,1
897133,444056,1
95746,118544,1
575601,14907,1
575601,153609,1
698243,523058,1
872474,872474,1
495576,324419,1
495576,73447,1
495576,431868,2
495576,338528,1
529705,769708,1
448819,968266,1
916080,144582,1
916080,133535,1
658326,755757,1
658326,906856,1
995898,247516,1
315010,118544,1
315010,444056,1
315010,898887,1
267984,925832,1
535285,720694,1
940985,287,1
527047,2900,1
743762,686071,1
743382,2900,1
743382,431868,1
743382,218939,1
743382,743382,1
743382,686071,1
533617,204506,1
540633,667522,1
540633,414941,1
540633,505249,1
655471,588946,1
995185,612037,1
264342,264342,1
941666,941666,1
941666,551027,1
941666,129210,2
941666,383836,1
941666,24298,1
612037,612037,1
217371,590573,1
217371,55576,1
217371,37950,1
599871,888562,1
314242,925832,1
204342,126413,1
203722,612037,1
863447,832804,1
458460,560306,1
458460,403244,1
458460,832804,1
458460,302578,1
458460,339006,1
367542,2900,1
182923,12345,1
182923,822149,1
544206,473352,1
729064,946563,1
647649,794239,1
647649,509460,1
647649,523058,1
647649,485347,1
647649,700924,1
647649,165226,1
808253,240026,1
843030,215995,1
600341,946563,1
600341,670454,1
214550,118544,1
198318,16966,1
198318,720694,1
442554,314841,1
930881,118544,1
519219,832804,1
505366,620515,1
505366,6208,1
298771,666025,1
739625,739625,1
744021,620515,1
744021,744021,1
271221,28070,1
978265,314841,1
539102,733241,1
178042,501170,1
178042,65484,1
178042,779536,1
534702,544588,1
534702,131885,1
534702,832804,1
534702,430826,1
297617,319756,1
297617,501170,1
297617,669480,1
930052,708126,1
987374,669480,1
947727,530632,1
302025,832804,1
302025,562866,1
302025,404485,1
991194,276914,1
409966,272778,1
409966,832804,1
891584,583127,1
946563,2900,1
946563,640167,1
946563,806273,1
946563,620515,1
597241,349215,1
554502,657717,1
554502,640167,1
163155,440310,1
163155,163155,1
160082,482680,1
141843,821062,1
102390,33659,1
883176,927328,1
883176,29313,1
883176,118544,1
883176,667522,1
883176,686071,1
883176,630442,2
883176,314841,1
695862,669480,1
447589,821062,1
872981,384202,1
14596,405582,1
655971,870567,1
639754,147104,1
679895,648352,1
642717,153609,1
156657,985551,1
985551,985551,1
985551,833453,1
807258,172746,1
807258,724226,1
807258,807258,1
401803,240443,1
401803,401803,1
440721,240443,1
430511,510588,1
287384,147104,1
556267,686071,1
848043,745992,1
458069,686071,1
204212,204212,1
961980,2900,2
961980,307408,1
350088,240443,1
927635,927635,1
611931,611931,1
611931,802917,1
499797,499797,1
348816,865483,1
513430,692554,1
69508,798683,1
69508,686071,1
603223,444056,1
22512,265502,1
22512,822149,1
22512,666025,1
241460,241460,1
845662,222576,1
596217,830860,1
719573,571344,1
337017,148948,1
337017,686071,1
337017,230739,2
337017,553013,1
337017,337017,2
337017,2900,1
501170,631610,1
501170,2900,1
501170,666025,1
501170,575948,1
501170,501170,1
612864,272402,1
832561,2900,1
625199,683351,1
286726,227334,1
894107,401112,1
454057,732283,1
454057,2900,1
454057,911076,1
454057,666025,2
454057,445216,1
454057,443585,1
454057,431868,1
454057,204090,1
454057,215690,1
454057,583127,2
454057,730861,1
454057,562866,1
454057,454057,2
454057,702368,1
454057,148786,1
454057,888562,1
454057,340745,1
263055,832804,1
534759,679895,1
17,802079,1
17,77700,1
943326,609756,1
943326,744021,1
344510,344510,1
344510,352876,1
344510,877904,1
319187,553647,1
319187,405582,1
440310,79078,1
440310,704779,1
440310,271076,1
440310,819997,1
440310,904741,1
440310,163155,1
145631,448590,1
131575,222576,1
579949,2900,1
929575,163155,1
34087,515429,1
110868,706798,1
908479,730669,1
922819,781487,1
922819,686071,1
625714,679895,1
262201,2900,1
374951,677335,1
681477,554406,1
681477,65509,1
521172,62851,1
521172,68363,1
521172,200105,1
614129,515429,1
24180,314841,1
675285,832804,1
675285,368355,1
675285,675285,1
675285,218939,1
38271,459547,1
886174,686071,1
886174,886174,2
886174,620515,1
886174,960040,1
886174,836075,1
886174,67227,1
919173,2900,1
919173,539730,1
919173,384202,1
919173,73538,1
919173,75756,1
919173,919173,1
919173,493699,1
919173,832804,2
551596,173903,1
408966,653790,1
408966,686071,1
408966,314841,1
854195,256985,1
862408,641437,1
862408,575521,1
862408,575948,2
862408,501170,1
876602,894930,1
876602,173903,1
635969,2900,1
635969,596415,1
635969,394792,1
626272,2900,1
413341,832804,1
323520,452680,1
551027,222576,1
551027,45896,1
551027,314841,1
551027,881587,1
551027,129210,1
633977,764758,1
576144,551596,1
193211,277632,1
526809,85725,1
526809,555867,1
526809,29313,1
526809,473352,1
526809,262933,1
526809,612037,1
526809,906856,1
526809,263946,1
526809,2900,1
685631,706798,1
921715,384202,1
921715,377049,1
921715,314841,1
921715,2900,1
921715,749617,1
114230,452680,1
505127,384202,1
505127,626851,1
505127,314841,1
505127,570986,1
505127,141577,1
949879,624893,1
18231,285398,1
216258,126413,1
889950,384202,1
889950,444056,1
153388,530420,1
153388,185132,1
153388,338528,1
153388,828052,1
153388,153388,1
153388,384202,2
153388,286726,1
153388,445216,1
153388,200105,1
929775,832804,1
929775,256985,1
833768,277632,1
149146,485531,1
421589,421589,1
421589,919173,1
421589,456595,1
421589,505205,1
421589,200105,1
421589,314841,1
421589,182923,1
398383,686071,1
361582,991956,1
421992,379018,1
421992,384202,2
754375,235377,1
576183,968212,1
576183,576183,1
893925,612037,1
893925,383836,1
893925,749617,1
893925,102182,1
893925,969286,1
893925,898887,1
894930,398383,1
894930,2900,1
894930,686071,2
894930,658771,1
437847,630442,1
437847,686071,1
359455,3894,1
526589,218939,1
404928,598919,1
404928,153609,1
404928,62851,1
404928,667522,1
404928,133535,2
404928,562183,1
404928,458460,1
549290,147104,1
345622,317777,1
96574,553013,1
553621,640167,1
553621,2900,1
540289,631610,1
548477,277632,1
548477,241460,1
548477,2900,1
702574,473352,1
817417,630442,1
845471,925832,1
620648,2900,1
620648,620648,1
620648,151065,1
620648,677335,1
620648,923416,1
419700,200105,1
370367,379018,1
618748,384202,1
426660,861320,1
471327,742147,1
886750,832804,1
672823,500689,1
505183,743382,1
505183,322882,1
505183,383836,1
505183,648527,1
505183,352876,1
505183,307408,1
505183,686071,1
505183,819997,1
787091,985551,1
769781,125143,1
769781,875868,1
965684,742147,1
965684,630442,1
507594,507594,1
507594,286726,1
507594,65484,1
613500,2900,1
613500,843356,1
613500,583127,1
613500,314841,1
613500,373415,1
613500,686071,1
265804,832804,1
274923,598817,1
274923,739876,1
274923,162426,1
274923,577107,1
274923,16426,1
278619,802456,1
460029,815358,1
74466,429630,1
847545,686071,1
847545,947358,1
23000,875868,1
835449,875868,1
564558,875868,1
564558,222576,1
564558,564558,2
927818,875868,1
267579,142223,1
267579,2900,1
378789,594174,1
983587,437847,1
87362,749617,1
27023,739625,1
467461,686071,1
467461,471839,1
467461,218939,1
467461,467461,1
467461,81975,1
467461,10043,1
467461,640167,1
74292,2900,1
74292,575521,1
74292,97173,1
74292,832804,1
74292,686071,1
136847,537202,1
140529,780134,1
289818,588946,1
61250,61250,1
684326,384202,1
684326,260101,1
177161,941322,1
609394,285398,1
609394,113833,1
285872,969286,1
285872,2900,1
285872,75756,1
285872,505249,1
285872,733241,1
285872,411437,1
285872,739876,1
531538,677335,1
62851,968450,1
62851,33659,1
62851,158444,1
62851,873549,1
62851,865483,1
62851,443585,2
62851,242701,1
62851,392217,2
62851,583127,1
62851,142223,1
62851,883799,1
62851,31960,1
62851,431868,1
62851,459547,2
62851,661081,2
62851,666025,3
62851,113220,1
62851,113572,2
62851,251511,1
62851,388992,1
62851,968266,1
62851,243018,1
62851,582792,1
62851,2900,6
62851,68363,1
62851,620515,1
62851,515429,1
62851,562866,3
62851,5165,4
62851,888562,11
62851,822590,1
62851,102930,1
62851,784553,1
62851,384202,9
62851,307408,1
62851,62851,9
62851,179015,1
62851,956274,1
62851,916196,1
62851,686071,8
62851,79167,1
62851,218939,4
62851,184547,1
62851,118544,1
62851,200105,3
62851,885567,1
62851,485347,6
62851,574552,1
62851,585665,1
62851,742147,1
62851,322882,2
62851,482353,1
62851,652785,1
62851,511511,1
62851,553013,1
62851,875391,1
62851,14907,1
62851,819997,3
62851,741354,1
62851,454057,1
62851,456355,1
62851,539730,1
62851,50929,1
62851,530420,1
62851,665859,1
62851,836075,1
62851,666410,1
62851,289209,1
62851,143687,1
62851,505183,1
62851,640167,1
62851,843356,2
62851,561619,1
62851,10017,1
938860,899872,1
116202,836075,1
982687,524299,1
982687,832804,1
982687,452680,1
982687,764923,1
71329,495576,1
71329,84399,1
71329,466472,1
71329,739625,1
942233,836075,1
942233,502843,1
846040,222576,1
173516,107881,1
173516,437907,1
468361,58157,1
450004,450004,1
1663,2900,1
518392,287,1
608020,276716,1
943833,640167,1
8595,669480,1
8595,8595,1
8595,2900,4
8595,45695,1
8595,832804,1
8595,848945,1
8595,406300,1
8595,139838,1
8595,33659,1
585671,344279,1
251443,720510,1
353042,539730,1
3079,202333,1
3079,352876,1
865808,154001,1
865808,2900,1
677071,118544,1
677071,299899,2
803972,142223,1
730669,969286,1
730669,730669,2
730669,452479,1
730669,374951,1
730669,2900,1
730669,8415,1
537202,344511,1
537202,910033,1
537202,410152,1
537202,314841,1
537202,726858,1
537202,126413,1
862285,854572,1
880453,277632,1
174320,686071,1
174320,222576,1
174320,154481,1
174320,742147,1
174320,200105,1
174320,648527,1
174320,174320,1
430826,57512,1
312866,2900,1
312866,8385,1
135994,523058,1
830860,314841,1
830860,200105,1
830860,102182,1
830860,196234,1
384202,14393,1
384202,777042,1
384202,803345,1
384202,963939,1
384202,295124,1
384202,352876,1
384202,14907,1
384202,898887,1
384202,940299,1
384202,222576,5
384202,322882,1
384202,843356,1
384202,640167,1
384202,469233,1
384202,501425,1
384202,5165,2
384202,888562,2
384202,384202,44
384202,927328,1
384202,976115,1
384202,62851,1
384202,823966,1
384202,719665,1
384202,530420,1
384202,448590,1
384202,574552,1
384202,722976,1
384202,68363,2
384202,802456,1
384202,459547,1
384202,666025,1
384202,661081,1
384202,523058,1
384202,22408,1
384202,147256,1
384202,965919,1
384202,118544,1
384202,200105,1
384202,144907,1
384202,445216,1
384202,570986,1
384202,179015,4
384202,2900,4
384202,46149,1
384202,686071,2
384202,732283,1
384202,337017,1
384202,669723,1
384202,399285,1
384202,708931,1
384202,754046,1
384202,421589,1
384202,539730,2
384202,530495,1
384202,113572,1
968951,719573,1
585735,524299,1
237835,430826,1
237835,802917,1
237835,515429,1
197083,161439,1
117950,102182,1
199032,149223,1
199032,832804,1
199032,147104,1
238024,863447,1
501425,384202,1
501425,678574,1
501425,206973,1
248688,630442,1
548824,549891,1
751357,104089,1
640712,118544,1
878061,307408,1
372287,262933,1
664819,448590,1
706798,287,1
880293,222576,1
759764,14476,1
452479,10017,1
452479,384202,1
452479,888562,1
452479,339006,1
452479,200105,2
452479,16983,1
452479,459547,1
452479,317777,1
452479,504620,1
452479,195969,1
452479,545391,1
452479,322882,1
452479,640167,1
452479,832804,1
452479,452479,3
452479,459813,1
452479,686071,2
452479,444056,4
452479,112745,1
452479,699401,1
276914,745992,1
276914,749617,1
276914,383836,1
276914,276914,1
276914,269269,1
276914,299899,1
276914,822149,1
276914,808734,1
202333,381765,1
202333,384202,1
202333,395077,1
202333,805002,1
202333,128497,1
960040,931603,1
960040,200105,1
907868,666025,1
463096,68780,1
823196,143687,1
721164,444056,1
336571,115550,1
336571,473352,1
572470,615944,1
669480,289209,1
669480,200105,1
669480,314841,1
669480,505205,1
669480,539730,1
669480,91354,1
669480,331887,1
669480,544588,1
669480,222576,2
669480,10017,1
669480,319756,1
669480,583127,1
669480,65484,1
669480,562866,1
669480,669480,3
203489,699401,1
29313,436775,1
29313,349215,1
302849,545391,1
91070,12345,1
91070,598919,1
302776,802917,1
302776,314841,1
302776,2900,1
367240,807621,1
367240,747508,1
540032,200105,1
667853,384202,1
667853,46149,1
667853,915361,1
823884,314841,1
810037,679895,1
810037,314841,1
810037,444056,1
794166,504620,1
264886,989215,1
577175,153609,1
361346,115550,1
600055,299899,1
600055,82000,1
981508,95377,1
981508,50929,1
598817,550767,1
598817,182923,1
598817,314841,1
598817,872474,1
370809,222576,1
438425,886174,1
836693,669480,1
126413,271076,1
126413,204342,1
126413,126413,1
649305,640167,1
716903,126413,1
716903,18996,1
716903,2830,1
81796,613632,1
81796,864999,1
81796,632958,1
81796,344511,1
81796,2900,1
287136,287136,1
298795,251443,1
676994,570986,1
676994,923705,1
696993,526809,1
696993,200105,1
696993,537202,1
254263,2900,1
201818,339290,1
177759,873529,1
164544,631610,1
187722,625199,1
876450,836075,1
578594,405271,1
861335,553013,1
669723,126413,1
669723,218939,1
669723,620515,1
680178,823966,1
575948,287,1
560491,553013,1
884631,352876,1
502843,16966,1
502843,658771,1
502843,285398,1
867494,919155,1
25401,969286,1
777396,640167,1
777396,222576,1
777396,204090,1
777396,385100,1
777396,777396,2
777396,4398,1
579748,45896,1
173903,173903,2
173903,136847,1
173903,314841,1
193267,764758,1
193267,5663,1
193267,193267,3
193267,431868,1
193267,629532,1
193267,968266,1
193267,466472,1
193267,754046,1
608962,881587,1
608962,550767,1
353228,414941,1
951594,230095,1
289682,354088,1
258791,993293,1
871439,871439,1
871439,802456,1
643802,110062,1
643802,640167,1
643802,916196,1
706211,7626,1
706211,564558,1
490774,666025,1
256985,581793,1
256985,154481,1
256985,975961,1
878223,149223,1
878223,677071,1
878223,314841,2
616916,686071,1
949059,204506,1
232863,919173,1
232863,142223,1
647087,965919,1
647087,200105,1
626427,531906,1
626427,628464,1
383836,830350,1
383836,443585,1
383836,2900,1
383836,963939,1
383836,553013,1
383836,829719,1
383836,73538,1
383836,539730,1
383836,63909,1
383836,379018,1
383836,344511,1
383836,864999,1
383836,686071,1
383836,794239,1
383836,887932,1
383836,652785,1
383836,505249,1
383836,640167,1
383836,242701,1
383836,562866,1
351898,317777,1
351898,733228,1
351898,128497,1
351898,2900,1
351898,200105,1
429630,143928,1
429630,924627,1
429630,135314,1
870946,118616,1
870946,870946,1
310247,908479,1
748027,448590,1
748027,836075,1
832804,322882,1
832804,262933,1
832804,241460,1
832804,7444,1
832804,615944,1
832804,501170,1
832804,749617,2
832804,548487,1
832804,18918,1
832804,666410,1
832804,55576,2
832804,2900,8
832804,102984,1
832804,177759,1
832804,16966,2
832804,686071,4
832804,242122,1
832804,90615,1
832804,530107,1
832804,919173,1
832804,77700,1
832804,859730,1
832804,832804,14
832804,482399,1
832804,112745,2
832804,636289,2
832804,176434,1
832804,568616,1
832804,357189,1
832804,823620,1
832804,8595,1
832804,767229,1
832804,304217,1
832804,505249,1
832804,28150,1
832804,888562,1
832804,17,1
832804,943029,1
733228,324419,1
344396,749617,1
344396,12345,1
344396,891560,1
91196,314841,1
89259,142223,1
89259,666025,1
89259,2900,1
89259,3894,1
89259,179015,1
89259,861320,1
89259,89259,1
89259,851112,1
438122,102984,1
438122,523058,1
894418,678574,1
894418,924320,1
894418,625366,1
894418,894418,1
894418,832804,1
873529,357289,1
873529,873529,2
873529,979672,1
873529,699401,1
873529,200105,1
873529,535285,1
873529,575521,1
873529,832804,1
873529,482399,1
530632,321688,1
530632,222576,1
530632,530632,1
530632,686071,1
530632,666025,1
530632,126092,1
530632,95377,1
530632,2900,1
530632,427512,1
924320,539730,1
959003,888562,1
640710,317777,1
47753,2900,1
47753,883799,1
681006,221870,1
743698,640167,1
585345,686071,2
591727,588946,1
591141,836075,1
591141,276716,1
591141,173903,1
373415,686071,1
731141,571344,1
520082,314841,1
517980,523058,1
517980,739625,1
517980,536575,1
42242,588946,1
97063,135314,1
97063,428040,1
97063,143687,1
97063,444056,1
411437,437907,1
293949,312794,1
963227,940299,1
936145,436758,1
936145,936145,1
936145,354088,1
59732,947859,1
553188,147104,1
253809,640167,1
876209,906856,1
876209,363656,1
876209,422728,1
876209,575521,1
876209,182203,1
135314,640167,1
135314,530495,1
135314,623150,1
135314,135314,1
4472,807685,1
473779,505249,1
473779,735057,1
473779,523058,1
16983,16983,1
16983,384202,1
832198,42242,1
832285,429630,1
832285,142223,1
832285,630442,1
832285,686071,1
143423,388992,1
143423,370333,1
224972,2900,1
479050,346340,1
676535,408966,1
481801,686071,1
481801,200105,1
481801,598817,1
481801,99775,1
470147,624893,1
469725,2900,1
394064,729432,1
5172,2900,1
617266,505249,1
617266,444056,1
139039,505249,1
818781,818781,1
818781,832804,2
818781,530107,1
818781,112745,1
818781,459547,1
818781,112127,1
332979,574552,1
147558,699401,1
105476,663680,1
448438,686071,1
919910,346340,1
624893,624893,1
624893,322882,1
624893,384202,1
624893,699401,1
624893,867045,1
378257,2900,1
378257,262933,1
378257,832804,1
378257,458574,1
825603,686071,1
825603,2900,1
203438,262933,1
203438,653398,1
203438,319166,1
911103,259259,1
911103,883176,1
911103,140395,1
911103,575521,1
911103,933450,2
911103,394792,1
1308,589267,1
1308,258340,1
33952,476103,1
33952,267302,1
33952,742147,1
33952,33952,1
33952,686071,1
33952,373415,1
95733,549891,1
524741,524741,1
524741,485531,1
21246,314841,2
97173,200105,1
97173,575521,1
97173,182203,1
97173,595957,1
409950,832804,1
407539,836075,1
124755,965919,1
124755,898887,1
143715,370550,1
914885,677335,1
203565,599143,1
203565,10057,1
55576,459547,1
55576,50127,1
55576,142223,1
55576,61250,2
55576,590573,1
55576,51685,1
55576,339006,1
55576,677814,1
55576,536575,1
55576,589910,1
55576,539730,1
55576,832804,2
55576,701625,1
55576,870567,1
55576,55576,3
55576,245005,1
55576,5165,1
478959,388846,1
737057,737057,1
45317,384202,1
841281,834906,1
841281,314841,1
377049,439188,1
377049,377049,1
377049,466472,1
377049,95095,1
377049,84399,1
377049,968266,1
377049,314841,1
140766,301400,1
140766,739876,1
850538,245005,1
850538,82679,1
593697,459412,1
845260,871439,1
845260,832804,1
845260,588946,1
505205,10017,1
505205,182923,1
505205,14907,1
505205,831459,1
339290,65591,1
24298,941666,1
24298,24298,1
873617,737057,1
873617,18231,1
873617,871439,1
873617,873617,2
873617,611931,1
873617,802917,1
873617,539730,1
873617,222576,1
192085,582792,1
383265,200105,1
965721,200105,1
965721,314841,1
965721,593862,1
821062,821062,1
821062,153609,1
821062,2900,2
821062,531538,1
821062,104089,1
821062,823294,1
969496,873617,1
969496,131885,1
969496,452680,1
361253,218939,1
8478,200105,1
8478,218939,1
604654,624893,1
837006,994155,1
837006,837006,2
837006,722618,1
222928,748959,1
222928,295124,1
133788,229526,1
133788,834851,1
133788,640167,1
133788,2900,1
519892,452479,1
719481,271436,1
719481,157479,1
719481,570986,1
639080,523058,1
589910,388992,1
418419,445216,1
45614,553013,1
483017,2900,1
291662,291662,1
291662,361268,1
735057,271436,1
371977,314841,1
131885,384202,1
131885,131885,1
131885,836075,1
131885,262933,1
131885,61147,1
131885,173326,1
131885,730669,1
131885,701625,1
795284,2900,1
795284,968450,1
795284,696993,1
795284,173903,1
691917,199790,1
513880,232863,1
522931,611931,1
522931,802917,1
361873,240443,1
781487,545391,1
926441,815157,1
926441,494962,1
506181,888562,1
657717,741354,1
657717,240443,1
313337,153146,1
2009,888562,1
613632,822590,1
613632,871439,1
613632,570986,1
613632,686071,1
339006,822149,1
339006,666410,1
339006,339006,4
339006,218939,1
339006,384202,1
339006,968450,1
339006,317777,1
339006,312794,1
755474,314841,1
755474,153609,1
976561,818781,1
976561,832804,1
708995,222576,1
708995,448590,1
708995,384202,2
465944,867410,1
465944,730669,1
125143,973155,1
300801,14907,1
436734,499783,1
436734,2900,1
436734,686071,1
51751,51751,1
51751,79167,1
51751,392217,1
51751,530632,1
51751,344511,1
51751,384202,2
51751,620515,1
51751,840060,1
51751,307408,2
51751,640167,1
51751,62851,1
51751,251511,1
51751,307929,1
51751,624893,1
51751,686071,2
51751,415927,1
51751,14393,1
51751,871439,1
51751,873050,1
51751,276914,1
268348,696993,1
200862,499783,1
267302,523058,1
388846,2900,1
107836,553013,1
640167,732283,2
640167,831766,1
640167,577421,1
640167,431868,1
640167,204090,1
640167,180838,1
640167,883799,1
640167,148786,5
640167,452479,1
640167,222576,4
640167,195647,1
640167,408966,1
640167,110062,1
640167,666025,2
640167,467461,1
640167,14907,1
640167,2900,5
640167,314841,1
640167,686071,2
640167,444056,1
640167,384202,2
640167,854572,1
640167,142223,3
640167,126291,1
640167,640167,20
640167,445216,1
640167,568682,1
640167,112745,1
346355,553013,1
976136,825603,1
268897,436775,1
35534,218939,1
924627,640167,1
667522,553013,1
667522,716903,1
667522,630442,1
249598,319756,1
80322,314841,1
80322,886174,1
80322,553647,1
785671,317148,1
785671,1308,1
785671,258340,1
18918,753995,1
18918,18918,1
18918,142223,1
18918,570986,1
35689,419700,1
822590,385100,1
822590,582792,1
822590,284507,1
822590,242701,1
822590,218939,1
822590,965919,1
822590,369956,1
822590,822590,1
822590,344511,1
822590,686071,2
822590,384202,2
822590,68780,1
218450,384202,2
450262,641437,1
450262,553013,1
450262,723663,1
820318,68363,1
940961,2900,1
982511,960040,1
403244,339006,1
403244,403244,1
403244,626427,1
601344,109005,1
792301,68363,1
792301,553013,1
683888,2900,1
683888,806273,1
61147,419700,1
61147,160355,1
61147,307408,1
61147,455891,1
61147,927328,1
187483,739625,1
505249,317777,1
505249,384202,1
505249,631431,1
505249,589458,1
505249,62851,1
505249,539730,1
505249,652783,1
505249,55798,1
505249,200105,2
505249,485347,1
505249,208457,1
505249,732283,1
505249,666025,1
505249,454057,1
505249,68363,1
505249,153609,1
505249,523058,1
505249,322290,1
505249,574552,1
505249,16983,1
505249,904741,1
505249,378257,1
505249,245005,1
505249,193267,2
505249,505249,7
505249,832804,1
505249,383836,1
505249,458574,1
505249,175106,1
505249,322882,1
560636,822149,1
560636,142223,1
560636,384202,1
560636,686071,1
555220,888562,1
555220,521536,1
555220,286726,1
262933,681477,1
262933,61147,1
262933,262933,1
262933,291662,1
262933,984153,1
242941,68363,1
233800,630442,1
233800,476895,2
233800,562183,1
233800,575521,1
233800,62851,1
233800,456548,1
233800,858465,1
233800,906856,1
233800,808734,1
233800,661443,1
233800,934854,1
233800,555220,1
233800,806273,1
233800,831459,1
233800,686071,2
233800,191589,1
728461,372287,1
404485,312866,1
404485,71737,1
404485,873617,1
404485,686071,2
404485,104089,1
404485,118544,1
404485,904741,1
404485,404485,4
404485,464401,1
404485,974667,1
404485,50659,1
404485,312794,1
404485,696993,1
404485,832804,1
404485,128497,1
404485,732778,1
404485,696506,1
404485,720510,1
702480,31608,1
702480,628464,1
337641,795284,1
337641,286726,1
337641,640167,1
326338,8385,1
91354,454057,1
91354,888562,1
91354,368355,1
561619,657172,1
561619,285024,1
561619,314841,1
561619,118616,1
561619,561619,1
561619,27189,1
561619,624893,1
561619,384202,1
561619,163155,1
609311,686071,1
291881,68363,1
291881,686071,1
291881,291881,2
32363,32363,1
32363,62851,1
32363,485347,1
32363,832804,1
533682,970642,1
723236,831459,1
723236,832804,1
526518,118616,1
827287,454057,1
827287,737057,1
827287,107881,1
827287,863447,1
827287,630442,2
827287,821062,1
410343,118616,1
410343,812938,1
125520,523058,1
165709,669480,1
530495,553013,1
530495,598821,1
530495,499783,1
530495,337017,1
530495,836075,1
403031,797950,1
361268,291662,1
361268,361268,1
675616,666025,1
675616,444056,1
143230,568627,1
512268,452479,1
881587,881587,1
705190,699401,1
499249,624893,1
499249,218450,1
499249,699401,1
728483,575521,1
916810,991956,1
11347,566866,1
399285,314841,1
62272,659138,1
647714,963344,1
647714,805002,1
647714,128497,1
742006,742006,1
405680,322882,1
405680,405680,1
405680,258340,1
405680,82679,1
659568,222576,1
887932,887932,1
299212,401686,1
862359,802456,1
862359,686071,1
303205,242701,1
188060,2900,1
188060,888562,1
582068,630442,1
582068,667522,1
191589,881925,1
191589,624893,1
191589,444056,1
191589,686071,1
191589,191589,2
191589,118544,1
191589,539459,1
191589,104089,1
191589,327893,1
191589,383836,1
191589,154184,1
191589,837006,1
331887,12345,1
831025,888562,1
51590,794239,1
51590,495576,1
51590,886174,1
256789,307408,1
256789,399436,1
552763,384202,1
866336,585735,1
866336,291881,1
58792,344279,1
58792,58792,1
58792,686071,1
58792,14476,1
58792,384202,1
58792,142223,1
58792,456548,1
990978,815157,1
434009,434009,1
434009,836075,1
434009,477421,1
290364,699401,1
593862,626851,1
593862,17,1
593862,77700,1
331743,686071,2
331743,384202,1
889523,5663,1
952935,454057,1
952935,952935,1
952935,848811,1
952935,730669,1
952935,180838,1
952935,969286,1
952935,523927,1
952935,7626,1
952935,422728,1
952935,515429,1
952935,681302,1
941322,686071,1
941322,836075,2
941322,941322,1
941322,118544,1
941322,314841,1
765960,355931,1
26624,10017,1
26624,956274,1
26624,2900,1
26624,144907,1
26624,631431,1
26624,381765,1
26624,530420,1
26624,200105,1
26624,861320,1
26624,574552,1
26624,802917,1
26624,384202,2
26624,624893,2
26624,686071,1
434059,524299,1
434059,686071,1
578075,530420,1
494962,344279,1
494962,2900,1
102182,898887,1
544432,802456,1
544432,624893,1
170430,287,1
574688,2900,1
924351,924351,1
562183,2900,1
562183,530420,1
134896,686071,1
550248,33659,1
550248,384202,1
550248,550248,1
550248,873050,1
550248,208564,1
550248,823620,1
852682,90246,1
852682,195186,1
161396,225953,1
161396,505249,1
544279,588946,1
794239,794239,1
794239,568627,1
794239,195969,1
794239,888562,1
794239,245005,1
794239,821062,1
794239,384202,3
794239,505249,1
794239,381765,1
794239,802456,1
794239,495576,1
794239,726858,1
794239,317777,1
794239,443585,1
794239,553013,1
794239,322882,1
540150,128497,1
549914,888562,1
549914,836075,1
549914,968266,1
549914,448590,1
549914,861320,1
549914,113833,1
485347,530632,1
485347,321688,1
485347,222576,1
485347,566866,1
485347,339006,2
485347,441735,1
485347,583127,2
485347,770772,1
485347,666410,2
485347,154481,2
485347,73538,1
485347,102930,1
485347,346337,2
485347,5165,1
485347,888562,5
485347,821062,1
485347,154001,1
485347,245005,1
485347,392217,1
485347,843356,2
485347,561619,1
485347,208457,1
485347,215690,1
485347,218939,3
485347,485347,15
485347,200105,2
485347,14476,1
485347,686071,4
485347,307408,1
485347,585726,1
485347,384202,5
485347,666025,5
485347,229526,1
485347,431868,1
485347,459547,2
485347,230095,1
485347,2900,3
485347,317777,2
485347,730669,1
485347,314841,1
485347,450262,1
485347,658771,1
485347,553013,1
485347,613500,1
485347,585518,1
485347,819997,1
485347,539730,3
485347,964389,1
485347,920788,1
485347,365134,1
485347,364146,1
485347,62851,5
485347,822149,1
485347,429630,1
485347,399285,1
485347,816505,1
485347,832804,1
549891,437511,1
549891,117531,1
549891,344511,1
699401,699401,5
79167,430511,1
79167,828680,1
79167,298795,1
79167,534755,1
79167,686071,1
79167,699401,1
79167,577421,1
79167,640167,1
79167,240443,1
79167,888562,1
79167,79167,1
79167,881587,1
204090,10017,1
204090,204090,1
204090,431868,1
204090,445216,2
204090,777396,1
204090,280090,1
204090,352876,1
204090,384202,1
204090,454057,1
204090,73447,1
204090,686071,1
204090,933385,1
204090,385100,1
204090,222576,1
858931,307408,1
554406,195186,1
554406,251511,1
554406,555867,1
554406,686071,1
554406,554406,1
836836,829719,1
387245,256985,1
425618,686071,1
496882,147104,1
50659,337017,1
50659,505249,1
36703,985551,1
31608,204090,1
31608,883799,1
31608,536575,1
31608,686071,1
31608,628464,1
823620,352876,1
823620,732283,1
823620,823620,1
433752,339290,1
433752,539730,1
846356,686071,1
846356,888562,1
846356,574091,1
846356,222576,1
846356,251511,2
846356,188060,1
846356,698103,1
846356,344279,1
846356,739625,1
846356,217371,1
846356,37950,1
753995,927328,1
753995,574552,1
753995,555867,1
753995,802456,1
753995,865841,1
989215,666025,1
7626,686071,1
288406,823966,1
288406,775698,1
288406,251511,1
598821,819997,1
598821,613500,1
598821,582792,1
598821,965919,1
598821,606821,1
598821,12345,1
598821,435563,1
598821,298795,1
598821,888562,2
598821,142223,1
598821,833076,1
598821,836075,1
598821,802456,1
598821,643802,1
598821,530420,1
598821,240321,1
598821,82679,1
598821,534755,1
598821,531906,2
598821,317777,1
598821,598821,2
598821,2900,1
284507,242701,1
284507,5165,1
284507,284507,1
906447,647649,1
974910,213181,1
403579,381765,1
403579,661081,1
681012,388992,1
208457,883799,1
208457,510588,1
208457,888562,1
208457,639903,1
208457,418064,1
208457,485347,1
208457,208457,1
784930,505249,1
316254,730669,1
157937,686071,1
505012,505249,1
505012,459813,1
505012,686071,1
505012,935712,1
505012,354088,1
434168,666025,1
464515,485347,1
464515,686071,1
464515,693484,1
405768,46149,1
405768,384202,2
888173,505249,1
888173,553013,1
164767,991956,1
347992,699401,1
568374,564558,1
568374,142223,1
568374,118544,1
85614,10017,1
741704,179015,1
568572,771159,1
568572,230739,1
568572,344511,1
638721,467461,1
334727,334727,1
305338,179015,1
305338,598821,1
264367,392217,1
264367,384202,1
264367,218939,1
496258,485347,1
918865,771159,1
545489,471839,1
545489,686071,2
545489,129210,1
770197,367240,1
936420,55576,1
76764,267302,1
76764,118544,1
76764,193211,1
577104,969286,1
984806,307408,1
761626,443585,1
761626,699401,1
761626,240443,1
693484,888562,1
693484,27189,1
693484,90246,1
693484,753995,1
693484,68363,1
693484,553013,1
693484,10017,1
693484,322882,1
693484,875868,1
743446,352876,1
3894,669480,1
3894,361253,1
3894,87364,1
3894,218939,1
259048,477421,1
726858,200105,1
726858,384202,1
726858,726858,1
726858,923705,1
73447,185261,1
73447,73447,1
73447,709636,1
64018,968975,1
33659,496788,1
33659,154481,1
33659,204506,1
33659,686071,1
33659,384202,1
33659,339006,1
33659,740474,1
33659,583127,1
33659,82000,1
33659,159626,1
33659,33659,2
733241,640167,1
733241,263946,1
289759,990827,1
799246,454057,1
799246,448590,1
799246,836075,1
799246,624893,1
383820,874256,1
611052,222928,1
611052,593194,1
611052,562262,1
8752,454057,1
105149,503090,1
974033,974033,1
974033,966241,1
694758,218939,1
661363,891560,1
323903,686071,1
658771,240443,1
658771,745899,1
658771,385100,1
658771,686071,2
658771,658771,1
658771,836075,1
658771,888562,1
658771,232933,1
658771,620515,1
658771,844101,1
439188,314841,2
347661,861320,1
347661,384202,1
347661,128497,1
828680,208564,1
828680,550248,1
531420,686071,1
147256,147256,1
147256,388992,1
147256,536575,1
338079,388992,1
675915,136847,1
363533,307408,1
363533,775698,1
866966,515429,1
255531,257060,1
255531,14907,1
255531,147256,1
645392,742147,1
645392,200105,1
16963,699401,1
991320,968266,1
991320,384202,1
991320,501425,1
317785,888562,1
317785,307408,1
317785,2900,1
268121,620515,1
703514,686071,1
703514,828052,1
200105,445216,1
200105,5165,1
200105,993293,1
200105,381765,1
200105,666025,1
200105,218939,1
200105,888562,2
200105,620515,1
200105,523058,1
200105,933385,1
200105,10017,1
200105,191589,1
200105,534755,1
200105,87452,1
200105,686071,4
200105,575521,1
200105,414941,1
200105,737057,1
200105,314841,1
200105,524299,2
200105,873529,1
200105,919173,1
200105,280090,1
200105,502843,1
200105,711092,1
200105,886174,1
200105,900639,1
200105,18708,1
200105,530420,1
200105,113572,2
200105,667522,1
200105,911103,1
200105,485347,1
200105,200105,24
200105,398383,1
200105,2900,1
200105,368355,1
200105,553013,1
200105,222576,4
200105,388992,1
200105,574552,1
200105,444056,1
200105,575103,1
200105,583127,2
200105,34399,1
200105,640167,2
200105,832804,1
450992,62851,1
450992,568616,1
31049,307408,1
752334,620515,1
148948,485347,1
148948,312794,1
857832,384202,1
405582,832804,1
663680,384202,1
663680,888562,1
663680,344279,1
663680,4398,1
173513,749125,1
915129,620515,1
915129,384202,1
584889,2900,1
310541,888562,1
310541,832804,1
310541,482399,1
485814,222576,1
485814,128497,1
379003,200105,1
524785,828522,1
524785,218813,1
690738,690738,1
690738,626851,1
628464,317777,1
628464,499783,1
628464,534755,1
628464,574552,1
628464,272509,1
211405,663680,1
744690,322882,1
744690,850845,1
744690,891560,1
762877,128497,1
183768,922819,1
604714,200105,1
604714,469233,1
369956,867410,1
369956,369956,1
369956,466472,1
369956,204506,1
369956,284049,1
369956,200105,1
369956,226698,1
369956,865483,1
369956,888562,1
369956,570986,1
623150,135314,1
272402,272402,1
272402,379018,1
272402,344334,1
272402,818774,1
583127,204090,1
583127,218939,2
583127,478223,1
583127,828052,2
583127,494392,1
583127,686071,2
583127,640167,2
583127,583127,12
583127,14907,1
583127,888562,1
847881,891560,1
35290,285398,1
35290,304668,1
521536,286726,1
840673,544753,1
713783,3894,1
440614,2830,1
440614,523058,1
13166,686071,1
218939,496788,1
218939,640167,2
218939,148786,1
218939,876596,1
218939,392217,1
218939,663187,2
218939,388992,2
218939,485347,1
218939,431868,2
218939,381765,1
218939,521967,1
218939,583127,1
218939,888562,5
218939,142223,1
218939,218939,5
218939,530632,1
218939,2900,1
218939,876602,1
218939,578091,1
218939,686071,3
218939,952588,1
655338,200105,1
666025,324419,1
666025,816505,1
666025,753983,1
666025,142223,2
666025,204090,1
666025,764758,1
666025,174320,1
666025,583127,2
666025,245005,1
666025,563810,1
666025,553013,1
666025,208098,1
666025,218939,3
666025,686071,3
666025,732283,2
666025,853058,1
666025,666025,6
666025,222576,1
666025,882019,1
666025,539730,1
666025,148786,1
666025,840060,1
666025,200105,2
666025,118544,1
666025,485347,3
666025,669480,2
666025,331887,1
666025,888562,4
666025,585665,1
666025,620515,1
666025,394693,1
666025,384202,1
666025,878223,1
666025,530632,3
666025,10017,1
666025,544753,1
666025,485699,1
666025,812938,1
666025,154001,1
666025,109005,1
666025,314841,1
666025,317777,1
666025,2900,7
567562,379018,1
567562,314841,1
395856,459547,1
395856,666025,1
395856,395856,2
754046,357289,1
64855,709743,1
599354,459547,1
599354,200105,1
653709,117531,1
653709,888562,1
409749,888562,1
596034,195128,1
503638,640167,1
868644,151354,1
868644,73555,1
716831,2900,1
666240,900639,1
666240,686071,1
666240,271436,1
666240,65509,1
235377,412926,1
235377,630442,1
235377,235377,1
235377,677814,1
50929,574552,1
50929,863979,1
50929,71737,1
50929,251443,1
644328,118616,1
179015,218939,1
179015,388846,1
179015,620515,1
179015,384202,1
179015,666025,1
179015,230095,1
179015,686071,5
179015,454057,1
179015,861320,1
179015,230739,1
179015,553013,1
179015,179015,5
179015,794239,1
884069,381765,1
731957,640167,1
164581,819997,1
729668,200105,1
173019,425475,1
173019,919173,1
284049,808734,1
284049,459813,1
190809,686071,1
956274,101248,1
956274,285024,1
783941,574552,1
783941,686071,1
186630,968975,1
863085,686071,1
689581,379018,1
689581,832804,1
453028,452479,1
282670,666025,1
282670,482353,1
282670,2900,1
282670,485347,1
282670,640167,1
878727,2900,1
713732,819997,1
788580,379018,1
788580,620515,1
338127,392217,1
61250,551455,1
954234,200105,1
226993,742147,1
499783,628464,1
499783,534755,1
499783,8385,1
499783,499783,7
473352,585345,1
616743,74292,1
654042,251511,1
952730,631610,1
197599,287,1
197599,2900,1
400397,794239,1
400397,887932,1
400397,530420,1
400397,466472,1
400397,344511,1
400397,340814,1
400397,867410,1
400397,289209,1
400397,686071,1
400397,512371,1
400397,383836,1
400397,696993,1
400397,242122,1
400397,142223,1
271991,562866,1
87364,220683,1
87364,833076,1
87364,200105,1
87364,485347,1
87364,802456,1
87364,756158,1
87364,859730,1
496788,496788,1
496788,686071,1
496788,62851,1
496788,142223,1
539730,459547,2
539730,888562,1
539730,539730,7
539730,353042,1
539730,339290,1
539730,2900,1
539730,666025,1
539730,886174,1
539730,384202,2
539730,218939,1
539730,271076,1
539730,686071,3
539730,222576,1
539730,485347,1
539730,531906,1
173343,496788,1
340814,285024,1
340814,459547,2
333282,200105,1
333282,933385,1
333282,567562,1
333282,464401,1
333282,37288,1
956483,956483,1
947859,632958,1
369182,507594,1
666619,287,1
666619,686071,1
666619,10017,1
666619,384202,2
666619,830350,1
666619,456355,1
666619,344279,1
666619,436775,1
312451,523058,1
312451,888562,1
547688,124662,1
76785,883799,1
113572,361253,1
113572,384202,1
113572,109981,1
113572,888562,1
113572,671447,1
113572,113572,5
113572,94884,1
113572,334727,1
113572,2900,2
113572,314841,1
113572,218939,2
113572,562866,1
113572,61147,1
113572,686071,1
113572,640167,1
466472,632958,1
466472,574552,2
466472,647649,1
466472,968266,1
466472,384202,1
466472,240443,1
466472,832804,1
466472,802917,1
466472,965919,1
466472,299899,1
414459,414459,1
414459,183504,1
414459,686071,1
414459,379018,1
414459,18708,1
414459,574552,1
306054,2900,1
596415,208564,1
596415,544588,1
596415,583127,1
596415,640167,1
596415,832804,1
891263,314841,1
412715,256985,1
627277,307408,1
592016,452479,1
378638,485347,1
378638,888562,1
83844,476895,1
83844,133535,1
12729,245005,1
428040,452479,1
428040,242122,1
428040,2830,1
316752,629942,1
630442,888562,1
630442,735057,1
630442,827287,1
630442,235377,1
630442,816779,1
630442,385100,1
630442,58792,1
630442,630442,3
630442,437847,1
630442,14476,1
630442,2900,1
630442,530420,1
630442,959753,1
909709,68789,1
909709,909709,1
2830,467461,1
620515,620515,4
338528,443585,1
338528,909044,1
338528,63909,1
338528,218450,1
338528,118544,2
338528,2900,1
338528,314841,1
338528,941666,1
338528,338528,1
338528,807685,1
338528,808734,1
338528,302484,1
840060,2900,1
840060,204090,1
840060,888562,1
840060,148070,1
840060,606834,1
553013,666025,1
553013,222576,1
553013,620515,1
553013,384202,1
553013,452479,1
553013,686071,1
553013,2900,2
553013,395856,1
553013,873529,1
553013,553013,8
553013,412926,1
553013,5165,1
553013,523058,1
553013,399616,1
553013,639903,2
850055,241658,1
897211,218939,1
247013,655324,1
867025,27189,1
163163,652785,1
271076,200105,1
289209,289209,1
648527,505183,1
448094,574552,1
761340,414459,1
288178,242701,1
288178,925832,1
566262,693484,1
566262,384202,1
251511,10017,1
251511,18708,2
251511,251511,1
251511,68363,1
251511,907686,2
251511,204506,1
251511,344511,1
848945,588946,1
848945,875868,1
848945,264342,1
848945,2900,1
621718,242701,1
558340,630442,1
925832,630442,1
925832,384202,1
925832,68363,1
5663,925832,1
5663,699401,1
287,321688,1
287,381765,1
287,242701,1
287,200105,1
287,225953,1
287,287,3
287,206973,1
753948,742147,1
836075,314841,1
836075,5586,1
836075,836075,6
476895,553013,1
476895,640167,1
476895,666025,1
476895,686071,1
476895,806273,1
476895,2900,4
476895,291881,1
5586,686071,1
5586,5586,1
5586,583127,3
5586,2900,1
5586,314841,1
5586,965919,1
5586,561619,1
5586,645392,1
5586,200105,1
5586,530420,1
5586,570986,1
198589,684803,1
513072,264030,1
513072,200105,1
18708,194434,1
18708,666025,1
18708,648527,1
18708,620515,1
18708,384202,1
18708,79167,1
18708,179015,1
18708,18708,1
18708,566866,1
18708,251511,1
18708,645392,1
18708,916196,1
524299,384202,1
524299,506267,1
524299,2900,2
524299,562866,1
524299,481801,2
524299,616938,1
524299,564558,1
671447,640167,1
671447,200105,1
671447,459547,2
671447,575521,1
671447,262933,1
671447,452680,1
671447,802917,1
671447,626851,1
671447,671447,1
671447,12345,1
671447,686071,3
133078,75482,1
926942,803972,1
926942,640167,1
926942,952935,1
52990,732283,1
195969,173326,1
641437,79078,1
641437,437511,1
641437,384202,1
641437,652783,1
641437,73538,1
641437,344511,1
641437,553013,1
905011,501425,1
7917,685520,1
879388,614027,1
551880,630583,1
696506,128497,1
696506,338528,1
696506,444056,1
696506,909044,1
635715,459813,1
459807,615447,1
606568,384202,1
606568,251511,1
606568,307408,1
606568,819997,1
606568,699401,1
606568,314841,1
914828,27189,1
464175,661081,1
152481,242701,1
458628,104089,1
458628,319756,1
458628,869679,1
16966,384202,1
16966,33659,1
16966,802917,1
16966,454057,1
16966,258385,1
16966,314841,1
16966,886174,1
16966,524299,1
16966,378257,1
16966,904741,1
16966,322882,1
16966,16966,5
16966,213181,1
16966,10057,1
16966,832804,3
16966,666025,1
16966,686071,2
16966,530107,1
16966,299899,1
16966,112745,1
525630,200105,1
525630,8385,1
525630,539730,1
273607,339006,1
660116,242701,1
660116,947859,1
531010,612037,1
531010,2900,1
531010,531010,2
531010,859494,1
531010,793947,1
180838,640167,1
180838,14476,1
180838,317777,1
180838,647649,1
40476,128497,1
754219,383836,1
577107,235377,1
577107,640167,1
577107,372287,1
577107,251443,1
577107,888562,1
577107,577107,2
577107,686071,2
577107,859730,1
577107,832804,1
438192,640167,1
582792,27189,1
582792,553013,1
582792,14393,1
757036,68363,1
925713,242701,1
921485,10017,1
357189,118616,1
722119,666025,1
399436,769781,1
399436,807397,1
589458,666025,1
589458,530632,1
589458,2900,1
589458,583127,1
589458,708995,1
589458,485347,1
589458,505249,1
589458,388992,1
589458,527434,1
589458,370927,1
589458,229526,1
589458,416436,1
589458,431868,2
589458,381765,3
589458,441735,1
589458,14907,3
589458,876602,1
589458,340745,1
589458,445216,1
589458,921715,1
589458,5165,3
589458,686071,1
589458,589458,7
589458,631431,1
589458,796050,1
589458,662237,1
589458,947358,1
589458,381491,1
589458,148786,1
589458,940299,2
589458,384202,3
589458,693484,1
589458,222576,1
589458,708931,1
589458,27189,1
137541,222576,1
137541,499887,1
137541,452479,1
31204,118616,1
31204,31204,1
31204,505249,1
31204,523058,1
21884,312451,1
21884,200105,1
21884,711092,1
318626,686071,1
318626,598821,1
318626,128497,1
318626,113833,1
628296,2900,1
628296,794239,1
628296,204506,1
628296,545284,1
628296,200105,2
628296,298795,1
628296,836075,1
628296,494962,1
628296,240443,1
628296,883176,1
628296,384202,1
537781,222576,1
381491,823966,1
124662,314841,1
311524,657717,1
311524,240443,1
920788,920788,1
920788,384202,1
920788,539730,2
920788,200105,1
920788,502843,1
909031,686071,1
909031,337017,1
909031,369494,1
909031,898887,1
489405,666410,1
362704,362704,1
362704,2900,1
362704,485699,1
362704,576144,1
362704,553013,1
226698,822590,1
226698,226698,1
226698,640167,1
363867,363867,1
636743,562866,1
636743,686071,1
515429,946563,1
515429,620515,1
515429,515429,2
711846,783283,1
732925,2900,1
732925,666025,1
365252,562866,1
562866,445216,1
562866,242122,1
562866,686071,1
562866,113572,1
562866,553013,1
562866,613500,1
562866,738831,1
562866,562866,17
562866,2900,1
562866,241658,1
562866,576183,1
562866,384202,1
562866,454162,1
562866,968212,1
562866,720694,1
562866,465136,1
562866,16966,1
562866,482353,1
562866,302025,1
36183,129210,1
417432,749617,1
123180,5165,1
356521,686071,1
456298,562866,1
456298,764758,1
980496,200105,1
82874,398285,1
753468,832804,1
962969,505249,1
452680,384202,1
452680,200105,1
452680,524299,1
452680,452680,1
357373,493699,1
357373,832804,1
357373,909709,1
412926,523058,1
412926,699401,1
412926,314841,2
412926,536575,1
412926,412926,1
620487,957069,1
620487,17,1
620487,802079,1
620487,705906,1
620487,45695,1
620487,213181,1
620487,317148,1
158738,307408,1
158738,242701,1
158738,158738,1
158738,963939,1
158738,485699,1
158738,657717,1
221916,755757,1
221916,620515,1
221916,499783,1
221916,585671,1
96827,822590,1
96827,585345,1
448590,381765,1
448590,27189,1
448590,317777,1
448590,561619,1
448590,314841,1
808711,62851,1
698136,351898,1
481753,384202,1
662835,968266,1
908265,669284,2
908265,2900,1
873050,199790,1
873050,79167,1
873050,873050,2
873050,385100,1
831459,179015,1
831459,437511,1
831459,117531,1
831459,686071,1
398369,840060,1
398369,686071,1
398369,647087,1
398369,505249,1
669284,669284,1
744942,730669,1
744942,374951,1
560306,888562,1
548483,686071,1
548483,583127,1
548483,379018,1
548483,218939,1
937374,27189,1
816014,352876,1
865483,865483,1
865483,63909,1
865483,2900,1
865483,242701,1
865483,883799,1
865483,45896,1
865483,624893,1
4654,242701,1
4654,118544,1
340641,836075,1
158897,686071,1
158897,191589,1
158897,431868,2
158897,613500,1
703445,526589,1
703445,922819,1
632590,667853,1
632590,598821,1
632590,128497,1
652885,922819,1
233502,18918,1
233502,153609,1
725595,861320,1
766955,766955,2
766955,523058,1
766955,381765,1
766955,2900,1
766955,398285,1
766955,937604,1
766955,295124,1
850734,297617,1
520617,822149,1
520617,307408,1
669350,431868,1
698105,562866,1
698105,200105,1
698105,698105,1
698105,686071,1
200351,620515,1
819092,181446,1
819092,485347,1
723663,102182,1
307929,384202,1
307929,425475,1
307929,79078,1
307929,118616,1
307929,436775,1
307929,699401,1
307929,58792,1
372710,940299,1
258375,969286,1
258375,920788,1
258375,755757,1
258375,803972,1
258375,242701,1
258375,344279,1
258375,258375,1
86965,268897,1
877904,344510,1
877904,352876,1
877904,877904,1
91805,242983,1
345570,431868,2
345570,686071,1
345570,822149,1
345570,722976,1
345570,384202,1
916196,653790,1
916196,326676,1
916196,2900,1
916196,585518,1
916196,579309,1
916196,749617,1
22741,686071,1
22741,2900,1
358625,381765,1
459412,260490,1
459412,766955,1
459412,686071,1
459412,871439,1
668539,666240,1
921625,222576,1
365134,284507,1
817229,278619,1
571985,50929,1
5304,2900,1
5304,388846,1
5304,595957,1
339218,537202,1
438841,315876,1
438841,251511,1
639546,888562,1
769519,452479,1
870483,218939,1
870483,831021,1
870483,276716,1
602238,777396,1
599143,22512,1
105117,262933,1
105117,444056,1
125787,819997,1
125787,904741,1
630583,204506,1
630583,576183,1
630583,832804,1
630583,570986,1
630583,904741,1
630583,5165,1
630583,2900,1
630583,314841,1
630583,113833,1
630583,33659,1
630583,536575,1
630583,630583,4
630583,898887,1
151,686071,1
151,549974,1
89025,2900,1
740867,434889,1
569428,562183,1
242701,666025,1
242701,272570,1
242701,99775,1
242701,821062,1
242701,832804,1
242701,242701,1
242701,553647,1
242701,74526,1
340745,583127,1
340745,2900,1
340745,200470,1
340745,388992,1
340745,441735,1
340745,340745,1
340745,669284,1
340745,14476,1
368355,384202,1
368355,8752,1
368355,148948,1
368355,780134,1
368355,8385,1
368355,314841,1
954068,977276,1
954068,242701,1
954068,322882,1
954068,102182,1
954068,553647,1
195700,28070,1
937604,781487,1
797950,431868,1
797950,666410,1
797950,927328,1
797950,384202,1
797950,33659,1
797950,686071,1
797950,2900,1
797950,200105,1
797950,5165,1
314390,686071,1
526517,394693,1
10057,401686,1
10057,581501,1
798847,137541,1
565237,410408,1
59708,2900,1
59708,112745,1
679584,301400,1
679584,2900,1
267747,639903,1
346337,384202,1
607799,485814,1
607799,384202,2
662237,662237,1
662237,562866,1
662237,314841,1
890702,822149,1
82679,384202,1
82679,28150,1
82679,833435,1
82679,832804,1
761026,347480,1
229526,229526,1
229526,67017,1
229526,287,1
229526,240443,1
503090,14393,1
135114,523058,1
802456,736810,2
802456,755757,1
802456,14907,1
802456,384202,1
802456,33659,1
802456,802456,2
802456,383836,1
802456,553013,1
734535,454057,1
734535,469233,1
734535,384202,1
876712,666025,1
112745,351898,1
112745,245005,1
112745,685520,1
112745,536575,1
112745,640167,1
112745,832804,1
112745,985263,1
112745,452479,1
112745,459547,2
112745,430826,2
112745,82679,1
112745,530107,1
112745,686071,1
112745,305800,1
112745,112745,1
112745,881316,1
112745,176434,1
112745,28150,1
112745,657746,1
112745,223240,1
729432,441735,1
729432,583127,1
729432,888562,1
729432,574552,1
850086,570986,1
850086,384202,2
88664,142223,1
88664,666025,1
88664,742147,1
392313,530632,1
61684,441735,1
61684,67017,1
61684,482353,1
61684,686071,1
61684,873050,1
61684,14393,1
657380,384202,1
657380,334135,1
657380,822590,1
395966,5165,1
270117,113572,1
270117,381765,1
270117,848811,1
638805,14393,1
866756,803972,1
866756,381765,1
866756,666025,1
866756,5165,1
866756,883176,1
866756,570986,1
640238,777396,1
640238,693484,1
640238,802456,1
640238,459547,2
640238,613500,1
640238,539730,1
109981,113572,1
109981,686071,1
109981,322882,1
109981,744690,2
460225,667522,1
460225,822149,1
173163,963939,1
173163,230739,1
242765,687152,1
242765,555220,1
934939,686071,1
934939,381765,1
934939,5165,1
934939,383836,1
934939,149223,1
560808,686071,1
65484,539730,1
736379,287,1
104089,327893,1
104089,823294,1
859116,161396,1
859116,2900,1
859116,104089,1
128867,562866,1
128867,153609,1
128867,240443,1
128867,657717,1
128867,588946,1
128867,822149,1
128867,640167,1
128867,612037,1
128867,128867,1
128867,523058,1
458574,598073,1
37535,147104,1
14907,384202,1
14907,431868,1
14907,686071,1
14907,742147,1
14907,102930,1
14907,737057,1
14907,739625,1
14907,10017,1
14907,898887,1
14907,965919,1
14907,485347,1
14907,14907,7
14907,907686,1
14907,802456,1
549518,195969,1
549518,381765,1
549518,307408,1
549518,495576,1
549518,322882,1
549518,339290,1
549518,153609,1
738831,499797,1
738831,454162,1
519535,10057,1
519535,328463,1
731858,148786,1
968266,777396,1
968266,742147,1
968266,75482,1
968266,242701,1
968266,200105,1
968266,307408,1
968266,968266,3
968266,511511,1
968266,193267,2
968266,624893,1
625366,307408,1
625366,384202,1
625366,539730,1
625366,900639,1
625366,459547,1
625366,218450,1
625366,469233,1
625366,314841,1
625366,485347,1
625366,16966,1
625366,894418,1
625366,625366,1
625366,454057,1
625366,686071,1
22811,835095,1
22811,531010,1
22811,994449,1
22811,468357,1
22811,221916,1
75482,666025,1
75482,322882,1
75482,75482,1
75482,285024,1
577421,577421,1
577421,583127,2
577421,384202,2
577421,218939,1
577421,631431,1
577421,285024,1
577421,686071,1
948919,385100,1
294887,686071,2
418229,686071,1
418229,523058,1
418229,2900,1
418229,142223,1
418229,444056,1
418229,418229,1
418229,19046,1
72745,822149,1
72745,102984,1
72745,505249,1
860350,3894,1
54329,54329,1
829840,370333,1
829840,744690,1
829840,891560,1
826698,317777,1
826698,384202,1
826698,863007,1
826698,523058,1
913570,444056,1
913570,135314,1
285024,577421,1
285024,285024,1
285024,383836,1
285024,861320,1
285024,395856,1
285024,384202,2
285024,68363,1
285024,553013,1
285024,832804,2
242619,2900,2
993483,645392,1
993483,653398,1
732283,686071,1
732283,831766,1
732283,732283,3
732283,339006,1
732283,851112,1
732283,384202,1
732283,431868,1
732283,2900,2
732283,383836,1
732283,16966,1
732283,430826,1
209977,299899,1
857021,954068,1
711092,562866,1
711092,711092,1
916240,523058,1
601192,297617,1
69008,265284,1
342,222576,1
342,922819,1
632958,204090,1
632958,864999,1
632958,632958,1
632958,620515,1
515181,515181,1
515181,686071,1
515181,883799,1
74526,686071,1
74526,640167,1
864928,384202,1
864928,118544,1
864928,2900,1
864928,501425,1
647979,971479,1
260490,260490,1
872055,315876,1
872055,384202,1
966591,296605,1
80112,307408,1
508134,104089,1
490169,222576,1
490169,317777,1
490169,287,1
490169,802917,1
490169,764818,1
149724,218939,1
149724,666025,1
788262,686071,1
788262,314841,1
788262,479890,1
809360,832804,1
809360,575948,1
867514,883799,1
855674,612037,1
690900,33659,1
690900,652785,1
690900,873050,1
315328,384202,1
815809,815809,1
815809,663187,1
815809,686071,1
815809,628464,1
815809,392217,1
815809,381765,1
815809,263483,1
281661,245005,1
281661,317777,1
281661,271436,1
399616,315876,1
763483,142223,1
88328,819997,1
88328,553013,1
88328,942936,1
236711,142223,1
236711,883176,1
236711,730669,1
236711,206973,1
236711,2900,1
437511,437511,1
437511,443585,1
437511,384202,1
437511,344279,1
652785,916196,1
652785,314841,1
652785,142223,1
652785,258375,1
158892,339006,1
55271,405680,1
230095,632958,1
230095,388992,1
230095,218939,1
230095,384202,1
230095,8752,1
230095,230095,1
500689,381491,1
500689,431868,1
500689,384202,1
500689,73447,1
500689,819997,1
500689,922819,1
500689,598817,1
500689,394693,1
369494,369494,1
369494,898887,1
454162,738831,1
454162,454162,1
454162,104089,1
864618,745992,1
864618,113833,1
256489,743382,1
964984,589458,1
964984,657380,1
964984,550248,1
964984,437511,1
568682,79078,1
568682,448590,1
568682,477421,1
568682,536575,1
933513,344279,1
747508,747508,1
653617,653617,1
653617,898887,1
653617,828859,1
686071,831766,2
686071,732283,1
686071,496788,1
686071,840060,1
686071,372767,1
686071,381491,1
686071,965919,1
686071,963939,2
686071,340745,1
686071,796050,1
686071,626292,1
686071,495380,1
686071,125143,1
686071,505183,1
686071,142223,3
686071,884069,3
686071,61684,1
686071,62851,2
686071,940299,2
686071,431868,5
686071,764758,2
686071,540874,1
686071,873050,3
686071,307929,1
686071,134896,3
686071,392217,2
686071,602123,1
686071,113220,1
686071,87364,1
686071,583127,2
686071,33659,1
686071,555332,1
686071,582792,1
686071,96827,1
686071,822590,1
686071,951634,1
686071,325702,1
686071,833076,2
686071,118616,2
686071,445866,1
686071,331743,1
686071,147256,1
686071,287,1
686071,661081,2
686071,933385,6
686071,364181,1
686071,720065,1
686071,230739,1
686071,941420,1
686071,239279,1
686071,394693,1
686071,295124,1
686071,888095,1
686071,669723,1
686071,412926,1
686071,574091,2
686071,726858,1
686071,690900,1
686071,702368,1
686071,515181,2
686071,179015,4
686071,434009,1
686071,251443,1
686071,395856,2
686071,344510,1
686071,557142,1
686071,438425,2
686071,658771,1
686071,898887,1
686071,485347,4
686071,291881,1
686071,819997,7
686071,148786,4
686071,105117,1
686071,312866,1
686071,500287,1
686071,768757,1
686071,906856,2
686071,495576,1
686071,804944,1
686071,50929,1
686071,17904,1
686071,193267,1
686071,730874,1
686071,466472,1
686071,2900,9
686071,329879,1
686071,482353,5
686071,676758,1
686071,666240,1
686071,572470,1
686071,499783,2
686071,596388,1
686071,317777,2
686071,589341,1
686071,613632,3
686071,174320,1
686071,613252,1
686071,344847,1
686071,666025,5
686071,941322,4
686071,577107,1
686071,647649,1
686071,964877,1
686071,404485,2
686071,158738,2
686071,663187,1
686071,370333,4
686071,385100,1
686071,818774,1
686071,398894,1
686071,423277,1
686071,80228,1
686071,829719,1
686071,916196,2
686071,405680,1
686071,859730,7
686071,864908,1
686071,222576,6
686071,669480,2
686071,873617,1
686071,14907,2
686071,47759,1
686071,630442,4
686071,116202,1
686071,173903,1
686071,331681,1
686071,828052,1
686071,523058,1
686071,730669,1
686071,530431,1
686071,873529,1
686071,862241,1
686071,333157,1
686071,110062,2
686071,478223,1
686071,875391,1
686071,843356,3
686071,539730,9
686071,452479,1
686071,33952,1
686071,131885,1
686071,314841,6
686071,825603,1
686071,307408,2
686071,659899,1
686071,126092,2
686071,553013,5
686071,271221,2
686071,794239,2
686071,247120,1
686071,745992,1
686071,68363,1
686071,459547,7
686071,686071,119
686071,137923,1
686071,362704,2
686071,436734,1
686071,28150,1
686071,5165,3
686071,937829,2
686071,437511,1
686071,831459,1
686071,970642,2
686071,471327,1
686071,886174,2
686071,625366,1
686071,575779,1
686071,230095,1
686071,204342,1
686071,947727,1
686071,566866,2
686071,617086,1
686071,553621,1
686071,218939,9
686071,969286,2
686071,467461,1
686071,837120,1
686071,159955,1
686071,868264,1
686071,911076,1
686071,550248,1
686071,534755,1
686071,379018,1
686071,593862,1
686071,444056,2
686071,742147,4
686071,832804,5
686071,870946,1
686071,456548,2
686071,359565,1
686071,445216,1
686071,692553,1
686071,454057,3
686071,176434,1
686071,939157,2
686071,284507,1
686071,337017,2
686071,545489,1
686071,131176,1
686071,888562,10
686071,26749,1
686071,560636,1
686071,696506,1
686071,27189,1
686071,384202,11
686071,18708,1
686071,869775,1
686071,742006,1
686071,282527,1
686071,720694,3
686071,744942,1
686071,459602,1
686071,260490,1
686071,836075,1
686071,867410,1
686071,626851,1
686071,581501,1
686071,199790,1
686071,208564,1
686071,803345,2
686071,326676,1
686071,598821,4
686071,802917,1
686071,383836,1
686071,73555,1
686071,936145,1
686071,154481,1
686071,126291,1
686071,574552,2
686071,312794,1
686071,962310,1
686071,112745,1
686071,416436,1
686071,653398,1
686071,458069,1
686071,640167,11
686071,683949,1
686071,927635,1
686071,398383,1
469233,431868,1
469233,454057,1
469233,322882,1
469233,693484,1
469233,381765,1
469233,840060,1
469233,736810,1
469233,384202,8
469233,589458,2
469233,561619,1
469233,218939,1
469233,195969,1
469233,888562,1
469233,710145,1
469233,620515,1
641925,652785,1
641925,2900,1
641925,859116,1
200470,686071,2
739735,222576,1
42048,2900,1
42048,663187,1
796050,796050,1
796050,242701,1
493010,861320,1
886170,437511,1
530107,28150,1
530107,16966,1
530107,112745,1
530107,530107,1
858289,402206,1
650430,370927,1
650430,62851,1
650430,888562,2
232933,575521,1
232933,635969,1
232933,232933,1
232933,620515,1
46149,583127,1
46149,847545,1
46149,314841,1
46149,381491,1
46149,73447,1
46149,686071,1
46149,46149,3
46149,458574,1
46149,384202,2
46149,357289,1
46149,222576,1
46149,185161,1
46149,233345,1
46149,969286,1
46149,968450,1
809468,686071,1
534755,574552,1
534755,534755,3
534755,888562,1
534755,195186,1
534755,647649,1
534755,317777,1
534755,405976,1
534755,853238,1
534755,118544,1
534755,480154,1
358255,416436,1
233345,384202,2
555867,898887,1
555867,362704,1
555867,61147,1
555867,640167,1
555867,612037,1
555867,624893,1
555867,881587,1
515639,666025,1
515639,245005,1
515639,222576,1
515639,445216,1
515639,515639,1
844830,543497,1
844830,444056,1
844830,153609,2
844830,807685,1
523058,27189,1
523058,118616,1
523058,61147,1
523058,666410,1
523058,539730,1
523058,666025,2
523058,383836,1
523058,31204,1
523058,322882,2
523058,128867,1
523058,242701,1
523058,450992,1
523058,568616,1
523058,820693,1
523058,888562,1
523058,505249,1
523058,851102,1
523058,671447,1
523058,826698,1
523058,901128,1
523058,447187,1
523058,394631,1
523058,523058,10
569239,666410,1
569239,686071,1
569239,2900,1
666287,118544,1
666287,643440,1
352876,404485,1
352876,314841,1
876237,284507,1
876237,456548,1
876237,384202,1
876237,154481,1
876237,919173,1
876237,459101,1
876237,222576,1
876237,620515,2
876237,276716,1
876237,5165,1
876237,450004,1
345588,431868,1
34939,381765,1
145597,314841,1
616938,875868,1
575521,686071,1
575521,640167,1
575521,539730,1
575521,620515,1
575521,384202,1
575521,887932,1
575521,840673,1
575521,969286,1
575521,422728,1
575521,862408,1
575521,263946,1
575521,575521,5
575521,595957,2
575521,806273,1
575521,105117,1
575521,628296,1
575521,312381,1
575521,524299,1
575521,666025,1
626292,626292,1
743050,200105,1
743050,399285,1
196729,968212,1
827853,494392,1
512962,381765,1
103055,234816,1
441735,777396,1
441735,384202,1
441735,322882,1
441735,720510,1
441735,147104,1
951634,79167,1
602123,969286,1
602123,242701,1
602123,821062,1
230739,218939,1
230739,686071,3
230739,437511,1
208310,686071,2
208310,666025,1
521828,686071,1
521828,888562,1
740559,354195,1
740559,768393,1
628713,968450,1
628713,200105,1
5165,222576,2
5165,284507,1
5165,445216,2
5165,179015,1
5165,2900,2
5165,158231,1
5165,620515,1
5165,379018,1
5165,666025,1
5165,888562,2
5165,963939,1
5165,498644,1
5165,5165,10
5165,485699,1
5165,381765,1
5165,68363,1
5165,392217,1
5165,991956,1
5165,351898,1
5165,553013,2
5165,663187,1
5165,73538,1
5165,384202,1
5165,973155,1
5165,218939,1
5165,404485,1
5165,771159,1
5165,686071,3
5165,378638,1
5165,704779,1
5165,530420,1
5165,628713,1
5165,200105,2
5165,385100,1
5165,229526,1
5165,524785,1
5165,625199,1
5165,142223,1
5165,352876,1
5165,880293,1
5165,314841,1
5165,982687,1
5165,965919,1
5165,555220,1
5165,28150,1
385100,156657,1
385100,823966,1
942594,898887,1
404604,448590,1
965608,940299,1
965608,381765,1
965608,339290,1
965608,737057,1
661762,663680,1
661762,384202,1
867410,867410,1
279531,431068,1
128497,416436,1
128497,888562,1
128497,242701,1
128497,200105,1
128497,118544,1
128497,384202,3
128497,128497,2
128497,322882,1
128497,314841,1
128497,469233,1
128497,225953,1
128497,536575,1
128497,861320,1
128497,75482,1
128497,107556,1
128497,686071,3
187395,661081,1
437908,222576,1
628717,2900,1
322724,403542,1
574091,940299,1
574091,381765,1
574091,431868,1
574091,75055,1
574091,384202,2
375571,240443,1
460575,764758,1
322882,322882,1
322882,381765,2
322882,802456,1
322882,805014,1
322882,900639,1
322882,352876,1
322882,384202,3
322882,410343,1
322882,631431,1
322882,142223,1
322882,639903,1
322882,576183,1
149223,241658,1
149223,520082,1
149223,149223,1
65591,499783,1
65591,620515,1
65591,640167,1
65591,802917,1
65591,576183,1
65591,307408,1
65591,2900,1
65591,24818,1
65591,444056,1
775698,775698,1
775698,222576,1
891560,206973,1
724226,965919,1
456836,444056,1
838200,933385,1
838200,686071,1
530420,154481,1
530420,153388,1
530420,110062,1
530420,326676,1
530420,302849,1
530420,58792,1
530420,819997,1
530420,530420,2
530420,200105,2
530420,924627,1
530420,218939,1
530420,241658,1
530420,802917,1
530420,553013,1
530420,242122,1
530420,539730,1
708916,4398,1
851102,439188,1
851102,314841,1
267884,115550,1
3633,74457,1
220683,180838,1
220683,933385,1
220683,602123,1
220683,322882,1
782890,675915,1
782890,136847,1
691671,185132,1
691671,681302,1
691671,952935,1
708931,755757,1
708931,574552,1
708931,708931,2
708931,27189,1
708931,686071,1
708931,883799,1
708931,62851,1
708931,499783,1
503251,539730,1
503251,679895,1
139385,394693,1
117531,344511,1
993537,459547,1
940724,640167,1
940724,222576,1
793947,719353,1
793947,531010,1
793947,793947,1
793947,459813,1
582929,898887,1
853058,888562,1
853058,887932,1
853058,200105,1
853058,841281,1
425615,536575,1
660672,589458,1
660672,200105,1
660672,161994,1
660672,204506,1
660672,147104,1
867355,414459,1
867355,258375,1
867355,317777,2
801694,693483,1
324330,857832,1
153609,262933,1
153609,821062,1
153609,549518,1
153609,24818,1
153609,18918,1
153609,153609,4
764758,431868,1
764758,764758,3
764758,620515,1
764758,2900,1
764758,314841,1
764758,113220,1
764758,666025,2
764758,686071,2
764758,524299,1
764758,245005,1
764758,384202,2
764758,392217,1
764758,937709,1
764758,807685,1
28824,530420,1
663187,888562,1
663187,650368,1
663187,218939,2
663187,883799,1
663187,62851,1
663187,553013,1
663187,666025,1
663187,686071,4
663187,770772,1
663187,663187,3
159955,5165,1
159955,159955,1
159955,588946,1
732456,285024,1
16165,384202,1
16165,666025,1
16165,337641,1
970642,965919,1
970642,802917,1
970642,262933,1
970642,719573,1
970642,816505,1
970642,625366,1
970642,894418,1
911076,222576,1
911076,2900,1
911076,68363,1
911076,499783,1
911076,388992,1
911076,87452,1
911076,142223,1
911076,75482,1
911076,626851,1
527434,431868,1
527434,527434,1
527434,315876,1
527434,381765,1
697487,485347,1
697487,505249,1
697487,404485,1
697487,832804,1
697487,458574,1
173326,222576,1
173326,173326,1
173326,686071,1
173326,675114,1
704903,258375,1
704903,598821,1
704903,322882,1
704903,142223,1
704903,431868,2
704903,14393,1
704903,459813,1
901630,218939,1
468992,699401,1
991956,187483,1
991956,742147,1
991956,2900,2
991956,445866,1
991956,182923,1
991956,625366,1
991956,993293,1
991956,979672,1
991956,118544,1
991956,384202,1
991956,204090,1
991956,142223,1
702712,79643,1
851112,431868,1
851112,708126,1
851112,267747,1
851112,317777,1
302028,14476,1
302028,143687,1
459547,218939,2
459547,307408,1
459547,888562,2
459547,233800,1
459547,819997,1
459547,297617,1
459547,104089,1
459547,55576,1
459547,452479,1
459547,686071,2
459547,454057,1
459547,459547,4
402206,421992,1
402206,802456,1
402206,733228,1
165063,732283,3
165063,640167,1
208032,245005,1
208032,708995,1
603752,344511,1
276716,276716,1
528877,883799,1
528877,667522,1
683351,73447,1
683351,227334,1
683351,505249,1
849894,31608,1
849894,856059,1
849894,628464,1
818295,204090,1
818295,379018,1
968518,968518,1
471310,314841,1
232094,452680,1
168820,965919,1
168820,14476,1
168820,2900,1
168820,10057,1
168820,612037,1
168820,570986,1
168820,720694,1
168820,305340,1
640182,368355,1
640182,598817,1
753365,638721,1
569035,2900,1
569035,218939,1
636289,636289,2
636289,314841,1
404152,115550,1
348918,598073,1
348918,793947,1
631431,392217,1
631431,631431,1
631431,965919,1
631431,669693,1
631431,381765,1
631431,2900,2
631431,10017,1
631431,384202,3
631431,822149,1
631431,640167,2
631431,596770,1
143532,968518,1
605263,686071,1
883799,33659,1
883799,985551,1
883799,883799,1
883799,384202,1
414941,79078,1
243018,10017,1
243018,251511,1
243018,836075,1
854572,854572,1
263483,316130,1
263483,883799,1
263483,154481,1
263483,550248,1
263483,866756,1
263483,2900,1
263483,481801,1
828052,553013,1
828052,530632,1
828052,666025,2
828052,686071,1
828052,797950,1
823966,10017,1
823966,840060,1
823966,666025,1
823966,888562,1
823966,193267,1
823966,317777,2
147104,404485,1
154481,187483,1
154481,431868,1
154481,142223,2
154481,204090,1
154481,31960,1
154481,245005,1
154481,882089,1
154481,464515,1
154481,833076,1
154481,222576,2
154481,729432,1
154481,436775,1
154481,388992,1
154481,154481,6
154481,445216,1
154481,317777,1
154481,2900,1
154481,686071,1
154481,698572,1
154481,971479,1
154481,505249,1
154481,148786,1
154481,485347,1
154481,870946,1
154481,338528,1
154481,736810,1
154481,652785,1
154481,666025,1
154481,384202,1
430695,79078,1
430695,384202,1
430695,352876,1
183766,213181,1
688931,267302,1
174274,965919,1
968212,531010,1
968212,2900,2
968212,612037,1
968212,575521,1
968212,881587,1
968212,733792,1
968212,576183,1
2900,831766,1
2900,191589,2
2900,876596,1
2900,218939,1
2900,317777,1
2900,534755,1
2900,14907,1
2900,530632,1
2900,854572,1
2900,653398,1
2900,173326,1
2900,562866,3
2900,384202,2
2900,777396,1
2900,867025,1
2900,143928,1
2900,421589,1
2900,686071,6
2900,732283,2
2900,956274,1
2900,392217,2
2900,968450,1
2900,519219,1
2900,666240,1
2900,118544,1
2900,776072,1
2900,173903,1
2900,539730,1
2900,113572,1
2900,485347,3
2900,5165,1
2900,888562,4
2900,660116,1
2900,176434,1
2900,456595,1
2900,531010,1
2900,456355,1
2900,454057,2
2900,530495,1
2900,431868,1
2900,666025,4
2900,802917,1
2900,61147,1
2900,222576,5
2900,262933,1
2900,969286,1
2900,2900,52
2900,823620,1
2900,148786,1
2900,745899,2
2900,289209,1
2900,524299,1
2900,615447,1
2900,626851,1
2900,314841,1
2900,505183,1
2900,204090,2
2900,640167,2
2900,920788,1
2900,574091,1
2900,602123,1
2900,523058,2
2900,128867,1
2900,80228,1
2900,669480,1
2900,412926,1
2900,10017,1
2900,669723,1
2900,383836,1
2900,388846,1
2900,24818,1
2900,200105,1
2900,339006,1
2900,549974,1
2900,730669,1
2900,505249,2
2900,754046,1
2900,594174,1
2900,8595,1
466528,835095,1
20860,314841,1
238534,392217,1
570986,630583,1
570986,570986,2
286475,2900,1
656806,3894,1
295124,384202,2
295124,625366,1
295124,14907,1
295124,748959,1
295124,295124,2
7513,922819,1
962310,546392,1
962310,62851,1
416924,686071,1
187932,245730,1
187932,156657,1
187932,620515,1
187932,179015,1
187932,784553,1
180460,796050,1
90246,888562,1
90246,27189,1
324419,321688,1
324419,742147,1
105261,832804,1
547199,547199,1
547199,267302,1
835095,14476,1
835095,289759,1
835095,221916,1
835095,793947,1
102984,535285,1
102984,720694,1
793629,530420,1
742147,222576,1
742147,63909,1
742147,73538,1
742147,384202,3
742147,307408,1
742147,669350,1
742147,431868,1
742147,437511,1
742147,485347,1
742147,640167,1
742147,445866,1
742147,204506,2
742147,549518,1
742147,536575,1
742147,33952,1
742147,199790,1
742147,75055,1
742147,666025,1
742147,770772,1
742147,499783,1
742147,620515,1
742147,822149,1
742147,742006,1
742147,686071,4
742147,456355,1
742147,742147,3
742147,574552,1
742147,828052,1
742147,888562,2
742147,67017,1
742147,523058,1
326358,361253,1
186644,431868,1
186644,883799,1
186644,822149,1
186644,264367,1
186644,933385,1
186644,583127,1
186644,976115,1
186644,200105,1
186644,666025,1
186644,802917,1
186644,414459,1
186644,686071,1
186644,562866,1
306799,500287,1
379018,268897,1
379018,729432,1
379018,436775,1
379018,598821,1
379018,450262,1
379018,909787,1
379018,620515,1
379018,379018,1
379018,2900,1
379018,469233,1
379018,31960,1
379018,317777,1
379018,299899,1
379018,770772,1
379018,564558,1
155595,27189,1
155595,956274,1
566085,832804,1
598073,743382,1
598073,598073,1
598073,366400,1
598073,383279,1
598073,793947,2
598073,459813,1
943029,943029,1
943029,832804,1
26449,321688,1
26449,632958,1
26449,242701,1
26449,27189,1
317777,352876,1
317777,686071,1
317777,459547,1
317777,479890,1
317777,102984,1
317777,381765,1
317777,520082,1
317777,535285,1
317777,2900,2
317777,317777,5
317777,45896,1
317777,485347,1
317777,204506,1
315876,812336,1
720065,686071,1
720065,969286,1
98778,640167,1
816505,5165,1
816505,816505,1
816505,436775,1
816505,384202,1
816505,118544,1
891167,383836,1
805283,187932,1
805283,861320,1
3928,686071,1
73538,73538,1
73538,530420,1
73538,686071,1
939805,339006,1
939805,77037,1
939805,745899,1
939805,925832,1
896768,927635,1
443585,317777,1
443585,443585,4
443585,499783,1
443585,2900,1
822949,598821,1
126092,200470,1
126092,969286,1
126092,392217,1
126092,686071,2
126092,46149,1
126092,666025,2
126092,933385,1
126092,126092,4
126092,907686,1
79078,924320,1
79078,444931,1
79078,245730,1
79078,485347,1
79078,79078,1
79078,204506,3
79078,454057,1
79078,95377,1
79078,969286,2
79078,971479,1
79078,593123,1
79078,379018,1
79078,128867,1
79078,613632,1
231713,686071,1
231713,540633,1
231713,566866,1
231713,231713,1
231713,94884,1
231713,359247,1
536164,666025,1
536164,406300,1
536164,361268,1
940299,708995,1
940299,245005,1
940299,553013,1
940299,222576,1
940299,267302,1
940299,196234,1
940299,384202,1
940299,940299,5
940299,358083,1
940299,284507,1
940299,142223,1
940299,575521,1
940299,2900,1
940299,370333,1
940299,317777,1
940299,459547,1
940299,686071,2
940299,547199,1
940299,583127,1
940299,777396,1
940299,18918,1
492105,431868,1
492105,230739,1
492105,317777,1
492105,384202,2
492105,686071,1
492105,819997,1
492105,267302,1
816779,574552,1
816779,154481,1
816779,524299,1
816779,499797,1
816779,242701,1
816779,581501,1
118616,577421,1
118616,384202,3
118616,686071,1
118616,699401,1
118616,118616,2
118616,2900,1
118616,352876,1
118616,870946,1
118616,383836,1
12746,134896,1
12746,661081,1
12746,384202,1
29022,222576,1
29022,794239,1
431868,388992,1
431868,31960,1
431868,222576,1
431868,666025,1
431868,743382,1
431868,566866,1
431868,204506,3
431868,16966,1
431868,33659,1
431868,803345,1
431868,2900,2
431868,317777,1
431868,260490,1
431868,969286,1
431868,963939,1
431868,5165,2
431868,77037,1
431868,708931,1
431868,443585,1
431868,485347,4
431868,73447,1
431868,79078,1
431868,215690,1
431868,74457,1
431868,102930,1
431868,14907,5
431868,888562,1
431868,142223,3
431868,686071,5
431868,803972,1
431868,822149,1
431868,444931,1
431868,454057,2
431868,523058,1
431868,345570,1
431868,381765,1
431868,615447,1
431868,515181,2
431868,431868,17
431868,295124,1
431868,338141,1
431868,258375,1
431868,632958,1
431868,583127,3
431868,384202,7
431868,940299,1
431868,661081,2
431868,10017,1
698572,933385,1
698572,686071,1
698572,523058,1
698572,888562,1
195748,806273,1
265502,384202,1
265502,625366,1
875391,875391,1
184603,384202,1
736810,940299,1
836017,218939,1
836017,431868,1
836017,574552,1
836017,620515,1
836017,62851,1
87452,499783,1
87452,87452,1
87452,969286,1
960370,908265,1
960370,314841,1
615447,666025,1
615447,615447,1
615447,2900,1
12424,482353,1
12424,686071,1
12424,398894,1
12424,888562,1
12424,620515,1
113833,113833,2
113833,2900,1
113833,832804,1
140882,62851,1
534215,445216,1
226579,148786,1
844101,10017,1
844101,400397,1
225953,225953,1
8385,666025,1
8385,602238,1
8385,8385,2
319756,314841,1
319756,519535,1
110062,686071,1
110062,110062,1
110062,504620,1
110062,696993,1
598919,384202,1
741354,221870,1
815157,485347,1
815157,527434,1
815157,340745,1
815157,657380,1
815157,381765,1
815157,686071,2
68363,431868,1
68363,5165,1
68363,660116,1
68363,772033,1
68363,388992,1
68363,384202,1
68363,68363,5
68363,553013,1
68363,657717,1
68363,499783,1
68363,314841,1
68363,562866,1
68363,911076,1
68363,128867,1
68363,686071,1
639115,742147,1
416436,222576,1
416436,615447,1
416436,381765,1
416436,589458,1
416436,686071,1
416436,784553,1
416436,677071,1
416436,346337,1
416436,969286,1
512027,822149,1
304668,338127,1
304668,89259,1
304668,304668,2
304668,3894,1
304668,743382,1
304668,686071,1
379551,802917,1
444931,444931,1
160355,459547,1
485699,562866,1
485699,485699,2
485699,888562,2
485699,418419,1
485699,68363,1
485699,720510,1
397730,458460,1
397730,339006,1
816292,956469,1
348152,822149,1
272752,968450,1
659138,530495,1
429468,143928,1
745992,631610,1
745992,745992,1
745992,153609,1
431476,388992,1
431476,392217,1
431476,2900,1
431476,222576,1
431476,593123,1
828820,339006,1
764710,191589,1
764710,677335,1
13350,515639,1
211817,392217,1
222576,831766,1
222576,324419,1
222576,666025,1
222576,632958,1
222576,583127,1
222576,505249,2
222576,390218,1
222576,321688,2
222576,148786,1
222576,719665,1
222576,170046,1
222576,204090,1
222576,14907,1
222576,686071,3
222576,589458,1
222576,443585,1
222576,200105,1
222576,968266,1
222576,307408,1
222576,384202,1
222576,736810,3
222576,218939,1
222576,803345,1
222576,369926,1
222576,233345,1
222576,381765,1
222576,144436,1
222576,630442,1
222576,669480,1
222576,267579,1
222576,530632,1
222576,59226,1
222576,802917,1
222576,222576,19
222576,392217,3
222576,340745,1
222576,822149,1
222576,126291,1
222576,816505,1
222576,883799,1
222576,501425,1
222576,314273,1
222576,2900,3
222576,675114,1
222576,118616,1
222576,459547,1
222576,551027,1
222576,245005,2
222576,312794,1
222576,801945,1
222576,640167,2
551455,530632,1
338099,141577,1
495512,222576,1
872993,505249,1
245005,142223,1
245005,245005,2
245005,222576,1
245005,102930,1
546044,686071,1
546044,501425,1
267530,2900,1
267530,686071,1
991147,102182,1
991147,359247,1
314841,222576,2
314841,631431,1
314841,182923,1
314841,631610,1
314841,630583,1
314841,711566,1
314841,384202,1
314841,263605,1
314841,11504,1
314841,640167,1
314841,733241,1
314841,46149,1
314841,29313,1
314841,314841,6
314841,608962,1
314841,536575,1
314841,285872,1
314841,805040,1
314841,666410,1
445866,2900,1
445866,314841,1
445866,287,1
445866,686071,1
445866,204506,1
445866,445866,2
445866,134896,1
968450,142223,1
968450,888562,1
968450,381765,1
968450,2900,1
968450,109005,1
968450,431868,1
968450,458574,1
968450,337641,1
968450,968450,3
968450,404485,1
632493,419700,1
764818,859730,1
764818,142223,2
764818,2900,1
764818,200105,1
123665,530420,1
123665,142223,1
933385,118616,1
933385,233345,1
933385,933385,8
933385,686071,3
933385,452479,1
933385,459813,1
933385,590573,1
933385,346337,1
933385,965919,1
933385,55576,1
762544,298795,1
571811,404652,1
571811,620515,1
571811,218939,1
242122,317777,1
242122,796050,1
242122,431868,1
242122,589458,1
242122,777396,1
242122,445216,1
242122,734535,1
242122,686071,2
242122,272402,2
242122,968266,1
242122,613500,1
242122,553013,1
242122,888562,1
242122,530420,1
14476,222576,1
14476,698136,1
14476,251511,1
14476,873050,1
14476,613500,1
14476,322882,1
513825,240443,1
575359,686071,1
110604,630442,1
370333,523058,1
370333,431868,2
370333,485347,1
370333,933385,1
370333,686071,3
370333,317777,1
370333,625878,1
370333,384202,1
370333,370333,2
370333,877904,1
370333,666025,1
370333,200105,1
291179,388992,1
291179,222576,1
291179,312794,1
291179,522734,1
291179,575948,1
434889,193211,1
434889,375477,1
434889,317148,2
884866,10057,1
593123,79078,1
593123,593123,1
593123,444931,1
593123,828859,1
593123,384202,1
593123,199790,1
565838,388992,1
178695,351409,1
67017,67017,1
148786,218939,1
148786,110062,1
148786,131885,1
148786,148786,5
755757,431868,1
755757,2900,1
755757,832804,1
394792,394792,1
280090,222576,1
280090,431868,1
693321,942936,1
910033,314841,1
4127,322882,2
4127,900639,1
4127,699401,1
4127,832804,1
497357,682502,1
14393,384202,1
14393,806273,1
14393,370927,1
14393,14393,1
14393,719481,1
533427,362704,1
566866,615447,1
566866,62851,1
566866,729432,1
566866,199790,1
566866,485347,1
566866,222576,2
566866,566866,1
566866,200105,1
566866,384202,1
566866,317777,1
566866,142223,1
566866,50929,1
566866,154481,1
566866,880321,1
566866,176434,1
541917,770772,1
201303,982470,1
340571,515429,1
27189,3894,1
27189,384202,1
27189,802456,1
27189,27189,1
27189,888562,1
27189,523058,1
27189,802917,1
449972,686071,1
449972,454057,1
199790,392217,1
199790,33659,1
199790,222576,1
199790,142223,1
199790,322882,1
199790,204090,1
199790,317777,1
199790,686071,1
199790,699401,1
907686,379018,1
907686,907686,2
907686,344511,1
907686,865483,1
362198,362198,1
392217,390218,1
392217,720694,1
392217,384202,1
392217,392217,2
392217,322882,1
392217,355102,1
392217,414459,1
392217,75482,1
392217,686071,7
392217,823966,1
392217,888562,2
392217,381765,1
392217,200105,2
392217,666025,3
392217,304668,1
392217,14907,1
392217,2900,3
392217,485347,1
392217,79078,1
392217,583127,1
392217,577421,1
392217,222576,1
392217,553013,1
392217,454057,1
392217,242701,1
392217,445216,1
392217,218939,2
392217,96827,1
99775,388992,1
99775,764758,1
99775,431868,1
99775,27189,1
626851,425524,1
626851,733241,1
344847,287,1
344847,836075,1
344847,422728,1
746502,429188,1
631610,222576,1
631610,952730,1
631610,598817,1
631610,830860,1
631610,153609,1
631610,536575,1
631610,931793,1
631610,819997,1
631610,686071,2
631610,401686,1
981341,620515,1
981341,415927,1
862533,129210,1
842375,888562,1
780134,888562,1
780134,62851,1
780134,832804,1
780134,368355,1
780134,74526,1
679973,240443,1
482353,666025,1
482353,384202,2
482353,245005,1
482353,370333,1
482353,888562,1
482353,686071,1
482353,3894,1
482353,222576,2
482353,515639,1
482353,445216,1
482353,218939,2
482353,562866,1
155507,511511,1
534812,562866,1
271927,875868,1
74457,454057,1
74457,388846,1
74457,74457,1
482680,612037,1
482680,223240,1
831766,831766,2
831766,686071,1
831766,530632,2
831766,431868,1
589034,195186,1
589034,916161,1
281447,956274,1
281447,888562,1
109005,109005,1
639378,686071,1
54326,666410,1
63909,287,1
63909,63909,1
63909,218939,1
63909,530632,1
63909,445866,2
63909,204506,1
63909,686071,2
63909,720694,1
63909,2900,3
431068,221215,1
571153,384202,1
846451,741354,1
127073,445216,1
862478,3894,1
647380,291881,1
573833,62851,1
573833,630442,1
142240,287,1
404514,583127,2
937829,937829,1
937829,459813,1
904503,686071,1
45734,485347,1
694647,922819,1
963939,766955,1
963939,686071,1
963939,963939,2
963939,307408,1
520602,686071,1
72788,590573,1
358083,485347,1
358083,505249,1
358083,16966,1
358083,886174,1
355931,793947,1
355931,459813,1
591989,2900,1
495380,500287,1
495380,128497,1
495380,2900,1
495380,218939,1
495380,888562,1
495380,686071,1
370927,370927,1
370927,242701,1
340049,221870,1
142223,381765,1
142223,222576,1
142223,882089,1
142223,218939,1
142223,764758,1
142223,822149,1
142223,574552,1
142223,339006,3
142223,431868,6
142223,229526,1
142223,395856,1
142223,425845,1
142223,79167,1
142223,2900,3
142223,208564,1
142223,666025,1
142223,33659,1
142223,577421,2
142223,624893,1
142223,370333,1
142223,699401,1
142223,686071,1
142223,631431,1
142223,142223,18
142223,31960,1
142223,640167,1
142223,583127,3
142223,384202,5
142223,45896,1
142223,247972,1
142223,245005,1
142223,444056,1
142223,344279,1
142223,94884,1
142223,118544,1
142223,523058,2
142223,501425,2
142223,454057,1
142223,280090,1
142223,206973,1
142223,927328,1
142223,314841,2
923751,10017,1
923751,726858,1
923751,620515,1
923751,530420,1
500287,2900,1
500287,500287,1
500287,530632,1
500287,686071,1
382754,836075,1
745899,46149,1
745899,339006,1
394693,574552,1
394693,669480,1
68789,909709,1
68789,223240,1
993293,384202,1
993293,766955,1
993293,686071,1
144983,686071,1
240443,2900,1
240443,179015,1
420080,686071,1
597760,485347,1
597760,888562,1
597760,200105,1
597760,597760,1
597760,782692,1
597760,242701,1
597760,384202,1
108148,927328,1
108148,99775,1
108148,281661,1
108148,321688,1
108148,464515,1
108148,969286,1
628764,666025,1
250662,218939,1
250662,686071,2
250662,148786,1
388992,388992,1
388992,79078,1
388992,431476,1
388992,257060,1
388992,620515,1
816290,149901,1
816290,314841,1
461490,454057,1
461490,118616,1
461490,686071,3
461490,840060,1
922853,908479,1
204506,2900,2
204506,956483,1
204506,113833,1
204506,431868,1
204506,204506,6
204506,79078,1
204506,222576,1
204506,969286,1
204506,924320,1
204506,686071,1
204506,635969,1
204506,573576,1
553647,5165,1
553647,553647,1
553647,206973,1
553647,99775,1
115550,686071,1
115550,968266,1
115550,848811,1
115550,314841,1
864999,31960,1
864999,464515,1
864999,864999,1
456355,482353,1
456355,204506,1
456355,456355,1
456355,907686,1
456355,384202,2
456355,200105,1
456355,523058,2
456355,299899,1
456355,286726,1
807685,444056,2
807685,302484,1
876596,876596,2
77037,77037,1
77037,383836,1
830350,222576,1
480283,317777,1
118544,339006,1
118544,883799,1
118544,657717,1
118544,459547,1
118544,444056,1
118544,686071,1
118544,548477,1
118544,314841,1
118544,941666,1
118544,2900,4
118544,118544,2
118544,148786,1
785104,832804,1
785104,242122,1
386505,612037,1
661081,10017,1
661081,384202,1
661081,317777,1
661081,661081,4
661081,410343,1
39919,856059,1
158391,2900,1
668585,112745,1
668585,832804,1
454573,591989,1
888095,566866,1
594434,745899,1
307408,142223,1
307408,307408,4
307408,113572,1
307408,640167,1
307408,18708,1
307408,888562,1
307408,686071,1
307408,862408,1
307408,682588,2
307408,972127,1
307408,575103,1
307408,459547,1
851016,218939,1
851016,431868,1
851016,73447,1
20307,803972,1
20307,588946,1
161530,821062,1
218354,399436,1
218354,222576,1
218354,287,1
625808,339006,1
625808,218939,1
625808,2900,1
988913,666025,1
168123,698105,1
685520,677814,1
685520,685520,1
822149,640167,1
822149,550248,1
822149,399616,1
822149,307408,1
822149,268897,1
822149,686071,2
822149,2900,1
822149,199790,1
822149,661081,1
822149,667522,1
822149,456355,1
822149,218516,1
822149,499783,1
822149,553013,1
822149,822149,3
822149,339006,1
822149,276914,1
822149,519391,1
822149,777396,1
310786,222576,1
810842,79078,1
743182,115550,1
140761,908479,1
802917,384202,1
802917,729432,1
802917,505366,1
802917,268897,1
802917,481801,1
802917,802917,2
802917,797187,1
802917,611931,1
802917,271436,1
802917,888562,1
648352,352876,1
648352,314841,1
642602,304668,1
642602,840060,1
798977,118544,1
589808,481801,1
589808,894930,1
312794,312794,1
312794,437859,1
312794,404485,1
965919,485347,1
965919,589458,1
965919,965919,1
965919,836075,1
965919,118616,1
965919,384202,3
965919,641437,1
965919,381765,1
965919,47759,1
965919,337017,1
965919,2900,2
965919,686071,2
965919,822149,1
931793,362704,1
931793,289209,1
931793,579949,1
931793,931793,1
931793,686071,1
931793,401686,1
550257,381765,1
550257,499783,1
221870,431868,1
221870,154481,1
221870,940299,1
221870,729432,1
221870,314841,1
221870,711092,1
221870,221870,1
286996,526589,1
286996,620515,1
286996,686071,2
286996,922819,1
286996,196234,2
574552,321688,2
574552,969286,1
574552,431868,2
574552,583127,1
574552,445216,1
574552,843356,1
574552,62851,1
574552,284507,1
574552,836075,1
574552,566866,1
574552,690738,1
574552,102930,1
574552,383836,2
574552,218939,3
574552,404485,1
574552,322882,3
574552,405680,1
574552,505249,1
574552,218450,1
574552,562866,1
574552,888562,2
574552,530420,1
574552,900639,1
574552,204090,1
574552,142223,1
574552,307929,1
574552,574552,5
574552,444056,1
574552,624893,1
574552,620515,1
574552,334727,1
574552,14476,1
574552,686071,3
574552,828859,1
574552,322290,1
574552,523058,1
574552,307408,2
574552,384202,8
574552,45896,1
574552,200105,1
574552,118544,1
574552,73447,1
574552,821062,1
574552,203438,1
574552,480154,1
574552,2900,1
574552,317777,1
898887,204090,1
898887,777396,1
898887,102182,1
898887,898887,2
861320,384202,5
861320,828052,1
861320,574552,1
861320,307408,1
861320,200105,1
861320,802456,1
861320,142223,1
861320,443585,1
861320,222576,2
861320,861320,3
861320,699401,2
861320,577421,1
861320,272402,1
861320,322882,1
861320,344279,1
861320,523058,3
180367,459813,1
812336,454057,1
812336,218939,1
812336,2900,1
812336,802456,1
812336,598919,1
401492,384202,1
401492,873050,1
401492,737057,1
401492,12345,1
31960,222576,1
31960,991956,1
277632,314841,1
494392,494392,1
494392,669693,1
536575,630583,1
536575,412926,1
536575,448805,1
536575,314841,1
536575,240321,1
536575,523058,1
536575,536575,2
536575,517980,1
536575,808734,3
536575,764758,1
536575,633977,1
536575,191589,1
231115,631431,1
231115,562866,1
231115,686071,2
231115,384202,1
231115,142223,1
666410,339006,1
666410,431868,1
666410,666410,2
666410,384202,2
666410,702486,1
666410,399750,1
137193,139838,1
668380,832804,1
153207,112745,1
859730,964877,1
859730,832804,1
859730,640167,1
859730,598821,1
859730,2900,1
859730,116202,1
859730,287136,1
859730,666025,1
859730,430826,1
859730,530107,1
859730,686071,7
859730,384202,1
859730,859730,5
859730,970642,1
859730,802917,1
859730,131885,1
859730,888562,1
220072,62851,1
220072,562866,1
220072,314841,1
220072,561619,2
220072,384202,1
220072,45896,1
220072,104089,1
220072,573576,2
858943,753983,1
858943,317777,1
977276,384202,1
910777,924351,1
364489,699401,1
410639,62851,1
410639,883799,1
719665,222576,2
719665,764758,1
719665,530632,1
719665,523058,1
719665,204090,1
719665,719665,1
719665,73447,1
719665,686071,1
719665,445216,1
719665,693483,1
719665,62851,1
719665,375477,1
10611,888562,1
10611,602238,1
326676,399436,1
326676,326676,1
326676,322882,1
245245,381765,1
54121,403244,1
866222,883799,1
344511,485814,1
344511,384202,1
344511,10017,1
344511,968518,1
344511,437511,1
344511,344511,2
344511,128497,1
344511,431868,1
344511,383836,1
118380,7626,1
971479,971479,1
971479,200105,1
971479,204506,1
971479,645392,1
127666,537202,1
127666,515429,1
127666,832804,1
127666,669480,1
127666,835095,1
613252,742147,1
67227,823294,1
934854,2900,1
934854,575521,1
934854,456548,1
450852,322882,1
552935,399436,1
552935,337641,1
552935,351409,1
215690,381765,1
215690,379018,1
215690,215690,1
328463,686071,1
10017,574552,1
10017,381765,1
10017,384202,1
10017,202333,1
10017,10017,2
10017,218939,1
10017,652785,1
10017,193267,1
444056,314841,1
444056,666025,1
444056,523058,1
444056,404485,2
444056,501425,1
444056,898887,1
444056,770130,1
444056,915361,1
444056,822282,1
444056,206973,1
444056,603223,1
444056,828859,1
444056,2900,1
444056,897133,1
444056,807685,2
444056,452479,3
444056,444056,11
444056,299899,1
444056,888562,1
444056,154001,1
444056,369494,1
820693,523058,1
720694,485347,1
720694,505249,1
720694,392217,1
720694,652785,1
720694,666025,1
720694,686071,7
720694,456548,1
720694,597760,1
720694,775698,1
720694,450262,1
720694,118616,1
720694,18918,1
720694,970642,1
720694,242701,1
720694,302578,1
720694,459547,1
720694,2900,3
720694,285024,1
720694,720694,2
720694,620515,1
720694,888562,5
803345,803345,1
381765,142223,1
381765,736810,1
381765,2900,1
381765,14907,1
381765,388846,1
381765,5165,1
381765,245005,1
381765,322882,1
381765,388992,1
381765,222576,2
381765,883799,1
381765,965919,1
381765,815809,1
381765,589458,1
381765,503090,1
381765,821062,1
381765,352876,1
381765,384202,2
381765,381765,4
381765,583127,2
381765,68780,1
132283,118544,1
445216,388992,1
445216,142223,1
445216,245005,1
445216,384202,1
445216,583127,1
445216,485347,1
445216,445216,5
445216,285024,1
445216,640167,1
445216,2900,2
445216,200105,1
356487,218939,1
94884,485347,1
83367,686071,1
83367,115550,1
511864,394792,1
511864,749617,1
886548,871439,1
165226,967671,1
165226,314841,1
185132,185132,1
185132,384202,1
185132,388992,1
456548,819997,1
456548,412926,1
649824,430826,1
471395,204506,1
875628,2900,1
875628,222576,1
875628,384202,1
875628,551027,1
875628,383836,1
875628,82000,1
875628,536575,1
121369,775698,1
777565,340641,1
651522,802917,1
651522,182923,1
367401,112745,1
651576,233345,1
24818,191589,1
24818,444056,1
24818,18918,1
24818,985551,1
24818,550767,1
24818,833453,1
144907,179015,1
144907,686071,1
839721,24765,1
890301,3894,1
544753,699401,1
544753,505249,1
544753,16966,1
544753,832804,1
685231,888562,1
170046,968450,1
319166,869679,1
478223,2900,1
478223,589458,1
478223,669723,1
478223,626851,1
865841,339006,1
865841,222576,1
865841,686071,1
444108,285398,1
265045,537377,1
265045,410639,1
157141,965608,1
157141,485347,1
