node_id,community_id
663680,0
521536,0
661762,0
105476,0
468357,0
286726,0
598919,0
847881,0
683351,0
319756,0
402061,0
47759,0
779536,0
297617,0
13166,0
835095,0
22811,0
109981,0
369182,0
687152,0
227334,0
809360,0
669480,0
127666,0
242765,0
625199,0
812336,0
501170,0
695862,0
933513,0
507594,0
12345,0
187722,0
91070,0
763456,0
850734,0
438841,0
585671,0
862408,0
575948,0
133578,0
344396,0
165709,0
399616,0
211405,0
555220,0
836693,0
344279,0
535515,0
221916,0
850845,0
289759,0
466528,0
829840,0
315876,0
994449,0
601192,0
926441,0
990827,0
65484,0
987374,0
331887,0
744690,0
891560,0
494962,0
661363,0
872055,0
178042,0
159228,0
249598,0
713987,1
613252,1
822149,1
901128,1
639115,1
519391,1
916240,1
698243,1
218516,1
195647,1
317785,1
268897,1
512027,1
753948,1
471327,1
33952,1
80112,1
688931,1
147108,1
267302,1
373415,1
568616,1
520617,1
632493,1
669350,1
450992,1
226993,1
523058,1
858931,1
418229,1
31049,1
135994,1
621371,1
86965,1
460225,1
476103,1
67017,1
135114,1
40396,1
627277,1
890702,1
648527,1
125520,1
505183,1
447187,1
820693,1
743382,1
88664,1
742147,1
61147,1
682588,1
972127,1
307408,1
160355,1
19046,1
984806,1
456355,1
639080,1
256489,1
878061,1
174320,1
455891,1
419700,1
742006,1
35689,1
348152,1
547199,1
560636,1
575103,1
545284,2
178695,2
481801,2
524299,2
968450,2
871439,2
980496,2
505366,2
544279,2
289818,2
575521,2
391203,2
876209,2
960040,2
604714,2
835449,2
513072,2
848945,2
74292,2
568374,2
271927,2
268348,2
312381,2
170046,2
6208,2
841281,2
853058,2
729668,2
628296,2
927818,2
399436,2
34399,2
140395,2
118380,2
655471,2
379003,2
887932,2
262270,2
350338,2
312451,2
363656,2
588946,2
459412,2
264342,2
232094,2
624287,2
696993,2
706211,2
351409,2
259259,2
860866,2
832198,2
593697,2
706762,2
159955,2
125143,2
158431,2
337641,2
871665,2
218354,2
769781,2
911103,2
601344,2
42242,2
721164,2
931603,2
886548,2
256789,2
969496,2
8478,2
383265,2
16165,2
616743,2
114230,2
422728,2
564558,2
20307,2
834906,2
875868,2
264030,2
973155,2
591727,2
272752,2
795284,2
954234,2
21884,2
655338,2
540032,2
260490,2
434059,2
97173,2
506267,2
728483,2
200105,2
452680,2
711092,2
182203,2
933450,2
323520,2
896673,2
7626,2
845260,2
109005,2
23000,2
840673,2
807397,2
552935,2
628713,2
616938,2
982511,2
589808,2
595957,2
884866,3
740867,3
77700,3
881925,3
682502,3
785671,3
768393,3
816779,3
957069,3
837006,3
328463,3
17,3
454162,3
354195,3
104089,3
923416,3
151065,3
67227,3
1308,3
802079,3
821280,3
258340,3
764710,3
581501,3
629532,3
660949,3
203565,3
75184,3
10057,3
722618,3
213181,3
974910,3
240321,3
539459,3
914885,3
593862,3
620487,3
154184,3
434889,3
916535,3
497357,3
740559,3
531538,3
516563,3
327893,3
183766,3
677335,3
965721,3
738831,3
317148,3
879204,3
191589,3
508134,3
599143,3
620648,3
994155,3
6253,3
519535,3
22512,3
705906,3
589267,3
45695,3
751357,3
823294,3
499797,3
892946,4
560374,4
837120,5
613632,5
549891,5
713732,5
177161,5
144907,5
803345,5
158738,5
326676,5
314390,5
448438,5
201818,5
609311,5
939157,5
862241,5
916196,5
398383,5
312369,5
833076,5
815157,5
502843,5
407539,5
783941,5
325702,5
492105,5
948919,5
385100,5
605263,5
804944,5
539730,5
557142,5
144983,5
433752,5
873050,5
952730,5
884069,5
966241,5
659899,5
606821,5
131176,5
172649,5
173163,5
906856,5
626292,5
337017,5
617086,5
585345,5
200470,5
333157,5
437388,5
359565,5
423277,5
425618,5
859730,5
364181,5
329879,5
942233,5
416924,5
340641,5
459547,5
822949,5
560808,5
356521,5
239279,5
461490,5
676535,5
195700,5
305338,5
372767,5
420080,5
164544,5
96827,5
137923,5
965836,5
540874,5
231115,5
299212,5
362704,5
974033,5
205011,5
920788,5
671447,5
836836,5
164581,5
361194,5
556267,5
579309,5
640238,5
47855,5
134896,5
157937,5
61684,5
768757,5
362232,5
730874,5
38271,5
896768,5
993537,5
990978,5
437511,5
340745,5
941322,5
964877,5
353042,5
18708,5
614677,5
401686,5
829719,5
117531,5
819997,5
382754,5
575779,5
868644,5
598821,5
250662,5
131885,5
904503,5
631610,5
323903,5
87364,5
179015,5
741704,5
864908,5
243018,5
151354,5
340814,5
247120,5
459602,5
658771,5
458069,5
3928,5
190809,5
339290,5
589341,5
599354,5
858465,5
963939,5
456548,5
937829,5
435563,5
941420,5
863085,5
38628,5
271221,5
915836,5
575359,5
194434,5
69508,5
408966,5
862359,5
653709,5
869775,5
639378,5
927635,5
73555,5
676758,5
438425,5
555332,5
886170,5
520602,5
886174,5
770463,5
287136,5
331681,5
876450,5
596388,5
28070,5
868264,5
683949,5
233800,5
533427,5
208310,5
282527,5
756158,5
95733,5
531906,5
661443,5
934854,5
849187,5
931793,5
894930,5
616916,5
777565,5
548824,5
934361,5
798683,5
531420,5
653790,5
331743,5
395856,5
831459,5
785318,5
294887,5
116202,5
836075,5
743762,5
17904,5
230739,5
22516,5
568821,5
686071,5
809468,5
975869,5
530431,5
388992,6
744942,6
647979,6
458628,6
653398,6
720065,6
639754,6
645392,6
471395,6
444931,6
434009,6
203438,6
248855,6
287384,6
949786,6
810842,6
338079,6
924320,6
956483,6
257060,6
374951,6
549290,6
255531,6
854572,6
730669,6
678574,6
869679,6
681012,6
147104,6
147256,6
25401,6
37535,6
319166,6
143423,6
660672,6
97184,6
949059,6
969286,6
161994,6
993483,6
862285,6
565838,6
230095,6
577104,6
894418,6
126291,6
589910,6
971479,6
140761,6
204506,6
316254,6
8415,6
245730,6
593123,6
553188,6
922853,6
79078,6
95377,6
259048,6
568682,6
310247,6
477421,6
149230,6
533617,6
496882,6
431476,6
949749,6
905846,6
199032,6
908479,6
951594,6
279531,7
431068,7
221215,7
554502,8
772033,8
350088,8
401803,8
512955,8
792301,8
361873,8
375571,8
861335,8
761626,8
534812,8
200862,8
639903,8
866336,8
513825,8
679973,8
96881,8
291881,8
636743,8
757036,8
45614,8
88328,8
562866,8
846451,8
657717,8
127543,8
87452,8
168123,8
107836,8
96574,8
553013,8
62272,8
443585,8
659138,8
68363,8
365252,8
499783,8
693321,8
850055,8
128867,8
647380,8
942936,8
911076,8
662237,8
820318,8
240443,8
311524,8
440721,8
456298,8
560491,8
888173,8
242941,8
465136,8
550257,8
302025,8
346355,8
585735,8
271991,8
698105,8
241658,8
530495,8
521172,8
741354,8
436734,8
594434,9
797187,9
602123,9
478223,9
141843,9
968212,9
784148,9
669723,9
349215,9
64855,9
739876,9
162426,9
16426,9
832561,9
690738,9
5172,9
65591,9
733241,9
267530,9
500287,9
733792,9
531010,9
82502,9
158391,9
302776,9
549974,9
490169,9
611931,9
802917,9
626272,9
447589,9
361582,9
709743,9
727059,9
161396,9
591989,9
110868,9
855674,9
736379,9
1663,9
29313,9
878727,9
182923,9
348816,9
873617,9
151,9
306799,9
379551,9
679584,9
225953,9
626851,9
195748,9
285872,9
522931,9
576183,9
5304,9
584889,9
716831,9
612037,9
527047,9
483017,9
865483,9
224972,9
867025,9
991956,9
421589,9
196729,9
85725,9
476895,9
574688,9
706798,9
478959,9
670454,9
518392,9
597241,9
161530,9
594174,9
22741,9
651522,9
825603,9
976136,9
263946,9
286475,9
344847,9
495380,9
600341,9
287,9
278817,9
63909,9
469725,9
539102,9
254263,9
425524,9
821062,9
916810,9
2900,9
262201,9
301400,9
555867,9
80228,9
859494,9
579949,9
683888,9
995185,9
505205,9
685631,9
806273,9
946563,9
641925,9
306054,9
776072,9
859116,9
456595,9
388846,9
569239,9
164767,9
142240,9
940961,9
378789,9
445866,9
745899,9
454573,9
269236,9
367542,9
940985,9
242619,9
961980,9
170430,9
89025,9
386505,9
203722,9
526809,9
140766,9
197599,9
729064,9
274923,9
75756,9
628717,9
666240,10
719481,10
724226,10
558340,10
562183,10
573833,10
863447,10
110604,10
667522,10
123665,10
437907,10
897302,10
827287,10
28824,10
83844,10
578075,10
429468,10
832285,10
302028,10
133535,10
916080,10
983587,10
157479,10
58792,10
823196,10
437847,10
411437,10
793629,10
14476,10
473779,10
582068,10
959753,10
143928,10
923705,10
995898,10
305340,10
429630,10
404928,10
505127,10
168820,10
338099,10
144582,10
143687,10
238024,10
173516,10
172746,10
271436,10
735057,10
924627,10
569428,10
141577,10
807258,10
247516,10
71262,10
74466,10
676994,10
883176,10
107881,10
570986,10
817417,10
248688,10
530420,10
759764,10
668539,10
630442,10
965684,10
947727,11
865808,11
102930,11
274965,11
702486,11
392217,11
959003,11
628764,11
989215,11
13350,11
843356,11
578091,11
5165,11
282670,11
981341,11
831025,11
876596,11
54326,11
515639,11
639546,11
42048,11
113220,11
208457,11
873549,11
365134,11
140882,11
548483,11
744021,11
771159,11
546392,11
521828,11
907868,11
563810,11
788580,11
828522,11
32363,11
364146,11
650430,11
818295,11
392313,11
510588,11
650368,11
496258,11
164483,11
490774,11
356487,11
12424,11
215690,11
126092,11
663187,11
409749,11
229526,11
200351,11
208032,11
94884,11
45734,11
876712,11
404652,11
264367,11
264886,11
415927,11
915129,11
897211,11
218813,11
395966,11
370367,11
815809,11
181446,11
722119,11
530632,11
569035,11
876237,11
35534,11
183504,11
770772,11
752334,11
326358,11
149724,11
541917,11
943326,11
964389,11
346337,11
208098,11
184547,11
247013,11
613500,11
158444,11
937709,11
521967,11
988913,11
888562,11
976115,11
450004,11
414459,11
568572,11
732925,11
597760,11
665859,11
450262,11
962310,11
808711,11
952588,11
245005,11
378638,11
456463,11
418064,11
79167,11
298771,11
186644,11
398894,11
831766,11
355102,11
460575,11
361253,11
994598,11
482353,11
655324,11
666410,11
842375,11
123180,11
585518,11
720694,11
218939,11
379018,11
599871,11
73538,11
485699,11
506181,11
918865,11
951634,11
620515,11
764758,11
268121,11
459101,11
882019,11
782692,11
211817,11
885567,11
685231,11
62851,11
399750,11
334727,11
812938,11
154001,11
819092,11
571811,11
113572,11
666025,11
689581,11
430511,11
836017,11
12729,11
982687,11
489405,11
585665,11
875391,11
238534,11
434168,11
498644,11
157141,11
2009,11
909787,11
609756,11
485347,11
694758,11
524785,11
585726,11
427512,11
761340,11
901630,11
3079,12
464401,12
743446,12
125787,12
904741,12
410152,12
782890,12
831021,12
625714,12
810037,12
876602,12
91196,12
399285,12
677814,12
675915,12
823884,12
870483,12
187483,12
669284,12
430695,12
786027,12
352876,12
145597,12
537202,12
921715,12
24180,12
633977,12
875883,12
743050,12
878223,12
576144,12
551577,12
851102,12
648352,12
71329,12
816290,12
395428,12
551596,12
805040,12
442554,12
425615,12
483517,12
754375,12
910033,12
377049,12
514781,12
448805,12
149223,12
20860,12
693483,12
276716,12
11504,12
124662,12
412926,12
371977,12
567562,12
471310,12
339218,12
608020,12
808734,12
591141,12
739625,12
630583,12
510279,12
173903,12
877904,12
816014,12
978265,12
150363,12
517980,12
547688,12
534759,12
235377,12
960370,12
95095,12
136847,12
891263,12
149901,12
711566,12
27023,12
520082,12
439188,12
884631,12
801694,12
12705,12
37288,12
84399,12
263605,12
822710,12
368059,12
344510,12
551880,12
503251,12
679895,12
314841,12
333282,12
908265,12
21246,12
536575,12
425475,13
615944,13
513880,13
534702,13
751705,13
230949,13
394792,13
749617,13
519219,13
572470,13
873529,13
482399,13
139838,13
372287,13
635969,13
134212,13
16966,13
401483,13
265804,13
767766,13
577107,13
304217,13
818781,13
177759,13
649824,13
536164,13
176229,13
112745,13
850538,13
153207,13
26749,13
540289,13
493699,13
919173,13
548487,13
305800,13
984153,13
417432,13
413341,13
247972,13
57512,13
198318,13
985263,13
976561,13
208564,13
68789,13
530107,13
117950,13
723663,13
497361,13
979672,13
832804,13
668380,13
778982,13
430826,13
7917,13
82679,13
767229,13
482680,13
828680,13
237835,13
310541,13
571150,13
182034,13
7444,13
262933,13
395030,13
406300,13
909085,13
723236,13
102182,13
367401,13
105261,13
176434,13
361268,13
566085,13
59708,13
159626,13
87362,13
823620,13
357189,13
259400,13
40778,13
544588,13
291662,13
728461,13
258385,13
657746,13
59224,13
409950,13
893925,13
550248,13
753468,13
409966,13
259442,13
511864,13
636289,13
721798,13
272778,13
909709,13
263055,13
378257,13
8595,13
223240,13
833435,13
232863,13
668585,13
105117,13
943029,13
596415,13
641985,13
160205,13
685520,13
881316,13
173019,13
886750,13
901602,13
232933,13
137193,13
160082,13
544753,13
90615,13
764923,13
357373,13
112127,13
942594,14
981508,14
404485,14
428040,14
822282,14
95746,14
214550,14
158231,14
473627,14
623150,14
251443,14
209977,14
930881,14
82000,14
571985,14
770130,14
562262,14
603223,14
991320,14
129210,14
889950,14
338528,14
941666,14
132283,14
732778,14
897133,14
551027,14
206973,14
720510,14
277632,14
264833,14
315010,14
456836,14
427150,14
592016,14
135314,14
444056,14
864928,14
913570,14
236711,14
790696,14
666287,14
762544,14
501425,14
696506,14
193211,14
640712,14
677071,14
222928,14
519892,14
808143,14
909031,14
833768,14
24298,14
863979,14
611052,14
708845,14
548477,14
50929,14
909044,14
546044,14
798977,14
807685,14
512268,14
118544,14
582929,14
675616,14
97063,14
593194,14
298795,14
75055,14
395077,14
653617,14
905011,14
241460,14
862533,14
898887,14
974667,14
23886,14
124755,14
369494,14
36183,14
387936,14
643440,14
71737,14
4472,14
299899,14
452479,14
302484,14
880453,14
862107,14
748959,14
453028,14
828859,14
773574,14
76764,14
769519,14
600055,14
26624,15
468992,15
187395,15
731141,15
710145,15
699401,15
993293,15
799246,15
347992,15
872981,15
934939,15
40476,15
4127,15
722976,15
405680,15
647714,15
725595,15
107556,15
436775,15
736810,15
754219,15
499249,15
381491,15
27189,15
607799,15
14393,15
14907,15
290364,15
16963,15
46149,15
527434,15
817229,15
448590,15
347661,15
401492,15
192085,15
574552,15
661081,15
278619,15
260101,15
202333,15
448094,15
147558,15
923751,15
603752,15
875628,15
85614,15
421992,15
949879,15
34939,15
404604,15
794239,15
470147,15
90246,15
631431,15
573576,15
805002,15
574091,15
549518,15
589458,15
805014,15
802456,15
963227,15
947358,15
426660,15
705190,15
68780,15
544432,15
533682,15
332979,15
416436,15
526518,15
847545,15
965919,15
105149,15
174274,15
449222,15
737057,15
384202,15
667853,15
295124,15
719573,15
625366,15
307929,15
75482,15
145631,15
358625,15
403579,15
867045,15
410343,15
644328,15
324330,15
51751,15
693484,15
203489,15
370927,15
469233,15
664819,15
754046,15
968951,15
463096,15
618748,15
624893,15
300801,15
45317,15
195969,15
405768,15
153388,15
940299,15
632590,15
963344,15
571153,15
657172,15
861320,15
184603,15
265502,15
891167,15
10017,15
596770,15
450852,15
684326,15
732456,15
185132,15
464175,15
582792,15
503090,15
568627,15
334135,15
651576,15
552763,15
822590,15
335413,15
322882,15
708931,15
381765,15
968518,15
734535,15
185161,15
726858,15
753995,15
921485,15
218450,15
638805,15
118616,15
284507,15
383836,15
285024,15
281447,15
606568,15
258791,15
358255,15
857832,15
956274,15
964984,15
816505,15
143230,15
101248,15
233345,15
708995,15
441735,15
22408,15
914828,15
577421,15
970642,15
900639,15
641437,15
937374,15
915361,15
220072,15
357289,15
143532,15
485814,15
82874,15
344511,15
315328,15
512962,15
540150,15
364489,15
12746,15
155595,15
398285,15
571344,15
493010,15
561619,15
133078,15
481753,15
345570,15
666619,15
657380,15
850086,15
372710,15
55271,15
965608,15
766955,15
777042,15
604654,15
245245,15
128497,15
566262,15
748027,15
762877,15
612864,16
361346,16
464515,16
14596,16
777396,16
925832,16
267884,16
226698,16
511511,16
314242,16
344334,16
469101,16
925713,16
796050,16
947859,16
660116,16
4654,16
621718,16
193267,16
321688,16
81796,16
845471,16
152481,16
312866,16
369956,16
270117,16
83367,16
466472,16
889523,16
848811,16
4398,16
553647,16
473352,16
288178,16
512371,16
708916,16
465944,16
326338,16
404152,16
289209,16
272570,16
336571,16
281661,16
525630,16
99775,16
242122,16
8385,16
80322,16
844101,16
400397,16
448819,16
968266,16
544206,16
242701,16
267984,16
26449,16
867410,16
319187,16
59732,16
405582,16
818774,16
5663,16
115550,16
785104,16
743182,16
303205,16
864999,16
662835,16
180460,16
272402,16
702574,16
857021,16
140016,16
10611,16
108148,16
602238,16
954068,16
155507,16
977276,16
632958,16
175106,17
765960,17
697487,17
284049,17
289682,17
358083,17
436758,17
962969,17
139039,17
935712,17
231713,17
784930,17
793947,17
459813,17
354088,17
991147,17
405292,17
180367,17
383279,17
617266,17
505012,17
598073,17
366400,17
635715,17
55798,17
872993,17
883914,17
353228,17
458574,17
359247,17
936145,17
16983,17
540633,17
355931,17
414941,17
505249,17
50659,17
31204,17
652783,17
322290,17
348918,17
155639,17
719353,17
367240,18
747508,18
770197,18
807621,18
310786,19
709636,19
883799,19
410639,19
702480,19
615447,19
921625,19
280090,19
499887,19
459807,19
870946,19
412715,19
755757,19
681006,19
865841,19
144436,19
29022,19
293949,19
339006,19
375477,19
851016,19
390218,19
340049,19
566866,19
11347,19
403031,19
975961,19
934490,19
763483,19
927328,19
127073,19
437859,19
628840,19
515181,19
199790,19
659568,19
828052,19
418419,19
370809,19
740474,19
272509,19
798847,19
803972,19
47753,19
625808,19
437908,19
801945,19
370333,19
137669,19
581793,19
880293,19
534215,19
158892,19
387245,19
221870,19
24751,19
158897,19
560306,19
854195,19
537781,19
867514,19
173343,19
891584,19
880321,19
273607,19
490299,19
691917,19
690900,19
625878,19
846040,19
942299,19
458460,19
338141,19
316130,19
73447,19
77037,19
764654,19
628464,19
703514,19
626427,19
431868,19
797950,19
369926,19
173326,19
31960,19
939805,19
888095,19
445216,19
537377,19
675114,19
403244,19
719665,19
494392,19
204090,19
263483,19
467773,19
137541,19
258375,19
858447,19
394064,19
265045,19
729432,19
59226,19
163163,19
845662,19
404514,19
54121,19
291179,19
222576,19
154481,19
425845,19
31608,19
496788,19
33659,19
51590,19
704903,19
142223,19
764818,19
828820,19
658326,19
739735,19
495512,19
267579,19
39919,19
314273,19
397730,19
652785,19
882089,19
810924,19
185261,19
866222,19
866756,19
28150,19
827853,19
5586,19
148948,19
583127,19
495576,19
256985,19
312794,19
849894,19
528877,19
522734,19
929775,19
76785,19
302578,19
345588,19
102390,19
131575,19
856059,19
669693,19
930052,20
345622,20
363533,20
862478,20
479890,20
288406,20
698136,20
121369,20
351898,20
480283,20
304668,20
708126,20
863007,20
398369,20
402206,20
867355,20
579748,20
656806,20
858289,20
851112,20
72745,20
642602,20
89259,20
733228,20
680178,20
647087,20
45896,20
823966,20
3894,20
713783,20
359455,20
890301,20
860350,20
753983,20
324419,20
640710,20
102984,20
826698,20
338127,20
317777,20
267747,20
788262,20
148070,20
438122,20
775698,20
606834,20
535285,20
858943,20
840060,20
638721,21
467461,21
160902,21
745992,21
543497,21
704779,21
2830,21
991194,21
755474,21
787091,21
577175,21
549914,21
187932,21
642717,21
844830,21
471839,21
318626,21
805283,21
440614,21
156657,21
784553,21
848043,21
833453,21
276914,21
18996,21
233502,21
204342,21
18231,21
113833,21
10043,21
216258,21
81975,21
444108,21
126413,21
985551,21
545489,21
163155,21
153609,21
269269,21
829910,21
35290,21
36703,21
271076,21
18918,21
716903,21
24818,21
864618,21
929575,21
285398,21
575601,21
609394,21
440310,21
359465,21
753365,21
302849,22
937604,22
196234,22
830860,22
286996,22
872474,22
545391,22
598817,22
781487,22
881587,22
526517,22
640182,22
672823,22
608962,22
922819,22
394693,22
50127,22
500689,22
652885,22
342,22
139385,22
183768,22
7513,22
550767,22
694647,22
596217,22
526589,22
703445,22
459908,23
221567,23
491920,24
718390,24
149146,25
485531,25
524741,25
449539,26
503638,26
74457,26
220683,26
743698,26
226579,26
509460,26
553621,26
866966,26
943833,26
133788,26
91354,26
74526,26
702368,26
438192,26
834851,26
34087,26
643802,26
454057,26
504620,26
8752,26
3633,26
148786,26
449972,26
731957,26
794166,26
940724,26
614129,26
253809,26
165063,26
906447,26
731858,26
675285,26
681302,26
691671,26
649305,26
98778,26
340571,26
523927,26
926942,26
515429,26
647649,26
368355,26
780134,26
180838,26
952935,26
165226,26
640167,26
730861,26
110062,26
69360,26
140529,26
967671,26
732283,26
700924,26
52990,26
197083,27
161439,27
681477,28
394631,28
933385,28
830350,28
325521,28
846356,28
55576,28
480154,28
217371,28
188060,28
551455,28
554406,28
870567,28
838200,28
701625,28
804795,28
300989,28
37950,28
916161,28
61250,28
907686,28
692553,28
852682,28
251511,28
698572,28
769232,28
534755,28
72788,28
405976,28
654042,28
65509,28
655971,28
936420,28
51685,28
824297,28
589034,28
590573,28
195186,28
853238,28
698103,28
543864,28
452025,29
410408,30
565237,30
468361,31
58157,31
60235,32
66451,32
429188,33
746502,33
401112,34
894107,34
460029,35
815358,35
910777,36
924351,36
173513,37
749125,37
394843,38
739335,38
919155,39
867494,39
91805,40
242983,40
362198,41
143715,42
370550,42
337784,43
296605,44
966591,44
684803,45
198589,45
313337,46
153146,46
322724,47
403542,47
479050,48
346340,48
919910,48
64018,49
186630,49
968975,49
69008,50
265284,50
240026,51
808253,51
886530,52
667138,52
614027,53
879388,53
215995,54
843030,54
783283,55
711846,55
720041,56
29479,56
347480,57
761026,57
363867,58
578594,59
405271,59
839721,60
24765,60
34823,61
692554,62
513430,62
982470,63
201303,63
234816,64
103055,64
298445,65
636949,65
86784,66
343955,66
971602,67
229163,67
899872,68
938860,68
54329,69
816292,70
956469,70
529705,71
769708,71
316752,72
629942,72
874256,73
383820,73
702712,74
79643,74
195128,75
596034,75
204212,76
