node_id,community_id
978573,0
926977,0
353282,0
318979,0
661509,0
516103,0
977931,0
173068,0
147111,0
889231,0
780048,0
97880,0
728850,0
595523,0
454062,0
285464,0
141722,0
5125,0
457457,0
927017,0
562090,0
600967,0
592686,0
935344,0
235826,0
16823,0
146260,0
310201,0
998203,0
528701,0
237502,0
745536,0
182595,0
508485,0
889160,0
173129,0
677322,0
431799,0
680141,0
917070,0
984399,0
375636,0
945622,0
378968,0
256655,0
641248,0
277008,0
840034,0
756067,0
952934,0
969323,0
485740,0
276977,0
933874,0
992243,0
167668,0
802132,0
711673,0
26362,0
445570,1
764677,1
174086,1
255111,1
158730,1
626318,1
746413,1
76053,1
655894,1
514200,1
746268,1
402848,1
461473,1
108454,1
539177,1
76202,1
267691,1
379181,1
520750,1
274608,1
385457,1
688052,1
120245,1
998217,1
931004,1
858557,1
72000,1
810912,1
463815,1
971209,1
413003,1
207308,1
12237,1
383055,1
885456,1
902613,1
363094,1
83547,1
695004,1
926557,1
931038,1
229119,1
301667,1
180967,1
167228,1
723562,1
126485,1
866567,1
644977,1
65019,1
177660,1
830793,1
687125,1
833280,2
697217,2
114818,2
614409,2
106378,2
578827,2
386828,2
321934,2
683309,2
576402,2
930067,2
700820,2
521877,2
640792,2
150299,2
629924,2
869285,2
552363,2
532908,2
690226,2
214191,2
91953,2
443314,2
808243,2
755252,2
454197,2
402676,2
167482,2
836959,2
724796,2
634173,2
26687,2
735051,2
729803,2
219340,2
515298,2
545364,2
91449,2
102623,2
274530,2
659124,2
358629,2
66022,2
366062,2
832623,2
305780,2
550006,2
413176,2
926514,2
317565,2
222846,2
950082,3
861188,3
335887,3
145792,4
511296,4
887682,4
22915,4
13316,4
992261,4
235783,4
222088,4
900034,4
368270,4
359824,4
267409,4
601409,4
664595,4
584852,4
72343,4
890008,4
695577,4
537967,4
910366,4
156833,4
931618,4
613412,4
342949,4
842151,4
447401,4
570026,4
783536,4
662449,4
979634,4
945204,4
78261,4
522806,4
717113,4
641851,4
445764,4
730863,4
698816,4
459969,4
641218,4
650052,4
57157,4
609606,4
751175,4
267853,4
123982,4
826959,4
600657,4
669010,4
746830,4
177486,4
101846,4
652891,4
190173,4
436448,4
192993,4
872418,4
249700,4
484198,4
831057,4
711784,4
341354,4
156779,4
133613,4
298434,4
856559,4
825200,4
345329,4
75277,4
626613,4
14840,4
767098,4
55279,4
771636,4
832382,4
789247,4
882944,5
517376,5
634604,5
896772,5
757060,5
505097,5
509067,5
939276,5
248589,5
35982,5
829080,5
486930,5
883092,5
475285,5
502680,5
36192,5
71295,5
349269,5
91167,5
460832,5
241712,5
767522,5
519331,5
65701,5
875559,5
623660,5
165550,5
485680,5
899377,5
683763,5
201997,5
10142,5
522133,5
11555,5
799263,5
928188,5
830897,5
88384,5
416032,5
906957,5
642976,5
866628,5
898374,5
16200,5
167371,5
574924,5
536141,5
563407,5
766800,5
1746,5
768851,5
470480,5
305237,5
546361,5
883161,5
371407,5
814757,5
903904,5
947041,5
8418,5
322107,5
243812,5
260456,5
25321,5
275908,5
253735,5
81004,5
110061,5
310766,5
22832,5
573928,5
359538,5
193395,5
779766,5
793335,5
467832,5
332052,5
329467,5
257000,5
937213,5
304766,5
969855,5
474001,6
946211,6
189465,7
245796,7
756774,7
237098,7
114224,7
651315,7
638004,7
264247,7
313404,7
389473,7
341077,7
147548,7
303198,7
11871,7
558689,7
307314,7
64117,7
815737,7
139903,7
308868,7
288910,7
210065,7
28820,7
5270,7
315546,7
822431,7
361243,7
397476,7
706727,7
514503,7
175799,7
361666,7
164548,7
219339,7
24272,7
935665,7
107765,7
586367,7
728829,7
206092,7
298253,7
595728,7
921875,7
772891,7
619807,7
511268,7
523047,7
649517,7
415024,7
162355,7
90935,7
390979,7
246599,7
555862,7
80730,7
743777,7
358760,7
634729,7
653168,7
441205,7
996740,7
166038,7
410604,7
726934,7
456611,7
157094,7
585639,7
208297,7
177076,7
838072,7
948019,7
265661,7
196341,7
425920,7
366529,7
655303,7
49108,7
786904,7
372388,7
318942,7
803306,7
291751,7
185836,7
263150,7
970736,7
843689,7
966143,7
400459,8
700907,8
519592,8
62632,8
747270,8
868748,8
97934,8
988583,8
37393,8
340739,8
807316,8
302357,8
665475,8
397207,8
110108,8
447877,8
372512,8
189218,8
263899,8
967207,8
43304,8
74153,8
165931,8
289198,8
921136,8
315570,8
739763,8
252468,8
688104,8
496566,8
700596,8
257210,8
676923,8
652732,8
7235,8
485444,8
226245,8
715850,8
606667,8
615884,8
344909,8
740055,8
154457,8
788955,8
76636,8
738784,8
537315,8
725351,8
280424,8
602729,8
509991,8
603244,8
927214,8
49265,8
278002,8
560373,8
801147,8
285692,8
670974,8
394111,8
50304,9
624779,9
296826,9
903875,9
808724,9
808215,9
713881,9
803355,9
797985,9
728219,9
975141,9
466854,9
253223,9
596776,9
777342,9
906798,9
837085,9
704178,9
231606,9
840761,9
237626,9
653889,9
903106,9
535819,9
392630,9
377803,9
330060,9
27473,9
196315,9
710330,9
927455,9
529248,9
66274,9
367466,9
899826,9
377076,9
543093,9
404087,9
628986,9
775038,9
401919,9
565313,10
118469,10
971648,11
367617,11
934658,11
760707,11
577472,11
195078,11
937615,11
663440,11
738705,11
278035,11
385684,11
980501,11
376170,11
7320,11
314715,11
383648,11
337440,11
360989,11
867359,11
583840,11
579952,11
330656,11
66213,11
326950,11
819368,11
800425,11
881195,11
862069,11
707109,11
849565,11
711984,11
38323,11
664117,11
421046,11
215738,11
245023,11
373578,11
111166,11
555967,11
709568,11
471745,11
858050,11
89931,11
599024,11
518983,11
58696,11
995402,11
417867,11
760012,11
693327,11
823376,11
488568,11
655222,11
309206,11
643031,11
935600,11
511183,11
493882,11
490335,11
108221,11
587491,11
785253,11
789098,11
318827,11
99693,11
885870,11
675183,11
36976,11
104144,11
873927,11
371829,11
381558,11
136311,11
800888,11
448123,11
838762,11
433790,11
18264,12
170061,12
657920,13
42883,13
308100,13
244613,13
495115,13
460326,13
877709,13
305297,13
950035,13
324119,13
623257,13
389108,13
681605,13
281377,13
272932,13
426277,13
224166,13
695463,13
641195,13
911532,13
788458,13
204361,13
783988,13
855738,13
78011,13
987969,13
20418,13
95429,13
529185,13
646728,13
791753,13
382413,13
523086,13
940370,13
707795,13
613924,13
580827,13
709341,13
660773,13
630625,13
743779,13
450661,13
912102,13
654697,13
576618,13
825707,13
130156,13
683218,13
200817,13
906100,13
80378,13
697213,13
651903,13
914820,14
340062,14
846831,15
639071,15
249539,16
297076,16
123004,17
163203,18
157828,18
214587,19
515044,19
20421,19
205030,19
861809,19
392936,19
737098,19
218987,19
531152,19
749233,19
871378,19
602004,19
537464,19
273273,19
632219,19
685100,20
236221,20
641336,21
248204,21
544720,22
209260,22
354114,23
226564,23
160519,23
710498,23
869295,23
960113,23
805939,23
675222,23
22168,23
664697,23
505391,23
596387,24
960965,24
129706,25
168485,25
250434,26
369898,26
963768,27
74471,27
9833,28
650053,28
328658,29
652734,29
244750,30
260959,30
16933,31
496976,32
673400,33
894233,33
261526,33
305304,34
266223,34
