519331,81004,1
519331,36192,1
509067,683763,1
296826,253223,1
65701,305237,1
65701,167371,1
65701,349269,1
502680,502680,1
522133,883092,1
522133,502680,1
537464,205030,1
903106,196315,1
129706,168485,1
392630,800425,1
392630,906798,1
392630,653889,1
392630,50304,1
297076,249539,1
253735,509067,1
634604,241712,1
882944,241712,1
196315,392630,1
544720,209260,1
372388,5270,1
256655,945622,1
141722,945622,1
308100,308100,1
248589,502680,1
785253,488568,1
529248,392630,1
969855,502680,1
903904,906957,1
653889,777342,1
675183,421046,1
475285,88384,1
8418,502680,1
687125,174086,1
875559,241712,1
945622,379181,1
945622,945622,2
945622,663440,1
531152,871378,1
531152,746268,1
711673,933874,1
245796,786904,1
715850,397207,1
445764,771636,1
445764,945622,1
445764,72343,1
445764,459969,1
664117,421046,1
664117,663440,1
969323,945622,1
74153,397207,1
889160,375636,1
889160,421046,1
889160,614409,1
889160,945622,1
104144,421046,1
619807,756774,1
619807,786904,1
75277,771636,1
843689,5270,1
64117,5270,1
978573,378968,1
978573,431799,1
517376,522133,1
517376,502680,1
237626,840034,1
237626,253223,1
952934,840034,1
952934,5270,1
952934,375636,1
359824,771636,1
433790,488568,1
16823,431799,1
980501,326950,1
353282,749233,1
353282,375636,1
353282,502680,1
496976,496976,1
488568,326950,1
488568,421046,2
488568,980501,1
488568,502680,1
899377,505097,1
883092,36192,1
767522,167371,1
167371,837085,1
167371,167371,2
650052,72343,1
808724,903875,1
97880,5125,1
97880,457457,1
97880,984399,1
927455,72343,1
927455,899826,1
927455,377076,1
927455,614409,1
927455,5270,1
927455,837085,1
927455,196315,1
680141,926514,1
680141,457457,1
373578,421046,1
560373,263899,1
537967,156779,1
537967,145792,1
768851,906957,1
27473,66274,1
18264,170061,1
565313,118469,1
485680,502680,1
201997,97880,1
201997,634604,1
201997,502680,1
201997,642976,1
201997,81004,1
201997,896772,1
375636,771636,1
377076,889160,1
377076,377076,1
156779,263899,1
156779,771636,1
237098,189465,1
123004,123004,1
998203,431799,1
595523,711673,1
441205,441205,1
80730,441205,1
80730,815737,1
341077,410604,1
829080,502680,1
210065,5270,1
260456,546361,1
260456,88384,1
260456,522133,2
260456,257000,1
260456,397207,1
260456,260456,1
260456,906957,1
260456,746268,1
260456,349269,1
496566,502680,1
114224,313404,1
114224,5270,1
623660,372512,1
623660,642976,1
623660,167371,1
276977,945622,2
276977,457457,1
110061,883161,1
110061,502680,1
298434,771636,1
883161,651903,1
883161,771636,1
272932,651903,1
25321,475285,1
601409,298434,1
177486,771636,1
177486,156833,1
775038,237626,1
278035,421046,1
175799,5270,1
175799,511268,1
700596,263899,1
950082,861188,1
600657,771636,1
226245,49265,1
226245,289198,1
570026,641851,1
570026,5270,1
808215,377076,1
261526,673400,1
846831,639071,1
264247,264247,1
749233,771636,1
749233,110108,1
749233,562090,1
749233,205030,1
529185,263899,2
529185,695463,1
529185,443314,1
529185,651903,2
529185,200817,1
529185,614409,2
529185,529185,3
529185,930067,1
529185,314715,1
529185,421046,3
1746,35982,1
304766,502680,1
872418,771636,1
382413,651903,1
788955,926514,2
788955,443314,2
788955,126485,1
788955,463815,1
788955,967207,1
788955,788955,4
788955,289198,1
788955,7235,1
788955,445570,1
788955,66022,1
788955,372512,1
788955,738784,1
788955,226564,1
788955,72343,1
788955,263899,3
788955,5270,2
838072,5270,1
634729,5270,1
397207,771636,1
931004,167228,1
596776,777342,1
308868,771636,1
308868,189465,1
454062,421046,1
454062,711673,1
454062,771636,1
454062,454062,2
454062,5270,1
928188,502680,1
563407,502680,1
563407,81004,1
563407,167371,1
655222,360989,1
655222,655222,2
655222,24272,1
655222,5270,1
219340,318827,1
219340,91449,1
219340,289198,1
219340,413176,1
219340,930067,1
219340,421046,3
219340,5270,1
219340,219340,2
219340,167482,1
219340,502680,1
298253,5270,1
992243,454062,1
318979,318979,2
318979,745536,1
318979,413176,1
318979,576402,1
318979,421046,1
318979,552363,1
318979,241712,1
318979,72343,1
318979,431799,1
318979,711673,1
318979,154457,1
318979,363094,1
318979,285464,1
318979,5270,3
318979,840034,1
318979,457457,1
660773,855738,1
890008,368270,1
460832,502680,1
751175,664595,1
935344,771636,1
935344,457457,1
585639,5270,1
947041,457457,1
947041,505097,1
739763,664595,1
739763,110108,1
739763,263899,1
739763,771636,1
739763,496566,1
739763,154457,1
739763,651903,1
739763,980501,1
366529,5270,1
366529,523047,1
145792,651903,1
145792,192993,1
426277,651903,1
695004,158730,1
695004,655894,1
695004,12237,1
871378,214587,1
871378,602004,1
871378,749233,1
871378,218987,1
871378,20421,1
871378,502680,1
580827,695463,1
858050,421046,1
822431,5270,1
822431,263899,1
822431,651315,1
822431,661509,1
206092,5270,1
746413,120245,1
746413,926514,1
301667,72343,1
301667,167228,1
301667,174086,1
493882,421046,1
493882,614409,1
367617,5270,1
367617,421046,3
367617,340739,1
37393,263899,1
638004,5270,2
558689,5270,1
931618,72343,1
931618,156833,1
95429,651903,1
88384,505097,1
91449,167482,1
91449,443314,1
91449,49265,1
91449,91449,4
250434,369898,1
97934,707109,1
97934,224166,1
97934,537315,1
97934,397207,1
166038,5270,1
173129,562090,1
173129,457457,1
867359,867359,1
289198,926514,1
289198,289198,1
887682,570026,1
243812,502680,1
392936,749233,1
392936,502680,1
330656,980501,1
431799,154457,1
431799,613924,1
431799,771636,1
431799,825200,1
431799,431799,1
431799,5270,1
431799,222846,1
665475,97934,1
367466,903875,1
801147,200817,1
801147,926514,1
801147,740055,1
801147,771636,1
937213,322107,1
937213,866628,1
937213,36192,1
789098,421046,1
130156,651903,1
807316,738784,1
807316,463815,1
807316,235783,1
807316,229119,1
807316,807316,2
38323,111166,1
523086,651903,1
523086,315546,1
522806,235783,1
849565,707109,1
930067,690226,1
930067,651903,2
930067,930067,1
930067,413176,1
930067,514200,1
930067,926514,1
930067,321934,1
930067,354114,1
930067,771636,2
930067,167482,1
930067,655894,1
267409,421046,1
49108,264247,1
49108,5270,1
966143,361243,1
596387,960965,1
960965,960965,1
629924,926514,1
979634,771636,1
576402,930067,1
385684,421046,1
267853,381558,1
267853,5270,1
267853,771636,1
267853,825200,1
267853,711784,1
267853,7235,1
10142,35982,1
10142,36192,1
728829,5270,1
332052,502680,1
960113,960113,1
623257,66022,1
623257,651903,1
677322,147111,1
246599,511268,1
586367,5270,1
640792,106378,1
58696,421046,1
397476,5270,1
516103,840034,1
516103,431799,1
16200,260456,1
779766,898374,1
779766,906957,1
779766,502680,1
78261,771636,1
335887,861188,1
72343,463815,1
72343,267853,1
72343,651903,1
72343,662449,1
72343,448123,1
72343,173068,1
72343,600657,1
72343,641851,1
72343,717113,1
72343,13316,1
72343,975141,1
72343,431799,1
72343,952934,1
72343,800425,1
72343,72343,8
72343,421046,1
72343,377076,1
72343,749233,1
72343,789247,1
72343,5270,1
366062,66022,1
366062,5270,1
946211,474001,1
740055,189218,1
740055,263899,1
740055,715850,1
490335,771636,1
490335,693327,1
490335,371829,1
490335,224166,1
49265,66022,1
49265,340739,1
49265,49265,1
49265,263899,1
49265,926514,1
49265,603244,1
800425,421046,1
800425,97934,1
800425,838762,1
800425,5270,1
800425,72343,1
800425,800425,1
800425,577472,1
800425,651903,1
800425,749233,1
436448,421046,1
436448,789247,1
185836,5270,1
855738,614409,1
855738,200817,1
855738,421046,1
855738,5270,2
855738,926514,2
855738,190173,1
855738,651903,1
855738,738784,1
855738,226564,1
729803,66022,1
729803,106378,1
248204,641336,1
676923,740055,1
624779,775038,1
624779,392630,1
624779,404087,1
624779,728219,1
361243,707109,1
361243,651903,1
361243,771636,1
165931,413176,1
165931,788955,1
165931,740055,1
165931,443314,1
165931,603244,1
165931,651903,1
165931,807316,1
165931,421046,1
165931,340739,1
165931,926514,1
165931,579952,2
165931,219340,1
165931,372512,1
165931,738784,1
165931,771636,1
363094,930067,1
363094,363094,2
363094,926557,1
363094,738784,1
363094,229119,1
363094,379181,1
363094,431799,1
508485,600967,1
508485,840034,1
724796,66022,1
402848,229119,1
402848,402848,1
402848,746268,1
402848,354114,1
402848,5270,1
603244,421046,1
603244,747270,1
603244,315546,1
603244,443314,1
603244,340739,1
603244,788955,1
603244,926514,2
603244,603244,7
603244,7235,1
603244,66022,1
74471,963768,1
532908,66022,1
340062,914820,1
505391,354114,1
783536,136311,1
783536,746830,1
783536,740055,1
57157,421046,1
57157,746830,1
57157,771636,2
57157,5270,1
291751,5270,1
291751,421046,1
291751,102623,1
935665,5270,1
466854,421046,1
466854,196315,1
695463,72343,1
641851,72343,1
641851,664595,1
641851,641851,1
641851,5270,1
401919,431799,1
401919,50304,1
90935,90935,1
90935,5270,1
613412,641851,1
613412,72343,1
410604,410604,1
195078,195078,1
195078,421046,1
195078,381558,1
485444,154457,1
485444,97934,1
91167,416032,1
377803,377803,2
377803,903875,1
562090,5270,1
249700,771636,1
543093,771636,1
543093,110108,1
543093,898374,1
543093,66274,1
543093,628986,1
543093,330060,1
543093,421046,1
543093,653889,1
543093,746268,1
324119,613924,1
324119,263899,1
324119,651903,1
805939,710498,1
805939,926514,1
805939,354114,1
805939,226564,1
745536,154457,1
745536,745536,1
745536,222846,1
745536,5270,1
756067,318979,1
675222,805939,1
652891,459969,1
177660,514200,1
177660,72343,1
177660,502680,1
126485,445570,1
126485,126485,1
126485,120245,1
126485,788955,1
126485,200817,1
461473,126485,1
461473,461473,1
461473,740055,1
461473,771636,2
461473,379181,1
461473,651903,1
461473,310766,1
461473,167371,1
317565,91953,1
317565,5270,1
317565,219340,1
777342,967207,1
777342,771636,1
146260,661509,1
146260,457457,1
975141,263899,1
975141,975141,1
975141,377803,1
975141,945622,1
655894,926514,1
655894,655222,1
655894,363094,1
655894,502680,1
655894,72343,1
655894,655894,1
655894,91449,1
655894,463815,1
655894,717113,1
655894,126485,1
655894,307314,1
655894,263899,2
655894,5270,2
402676,167482,1
55279,72343,1
328658,652734,1
330060,838762,1
342949,771636,1
5270,877709,1
5270,415024,1
5270,552363,1
5270,91953,2
5270,791753,1
5270,529185,1
5270,749233,2
5270,189465,1
5270,788955,1
5270,190173,1
5270,651903,1
5270,303198,1
5270,688052,1
5270,164548,1
5270,926514,5
5270,448123,1
5270,413176,2
5270,361243,1
5270,265661,1
5270,315546,2
5270,95429,1
5270,167482,2
5270,389473,1
5270,24272,1
5270,120245,1
5270,651315,1
5270,90935,1
5270,815737,1
5270,192993,1
5270,91449,1
5270,167228,1
5270,157094,1
5270,799263,1
5270,219340,1
5270,11871,1
5270,222846,2
5270,576402,1
5270,595728,1
5270,930067,1
5270,970736,1
5270,177076,1
5270,746413,1
5270,883161,1
5270,933874,1
5270,410604,1
5270,28820,1
5270,960113,1
5270,145792,1
5270,358760,1
5270,421046,3
5270,139903,1
5270,614409,3
5270,72343,1
5270,375636,1
5270,441205,2
5270,307314,1
5270,5270,35
5270,263899,5
5270,715850,1
5270,363094,1
5270,771636,6
5270,244613,1
447401,5270,1
447401,66022,1
447401,771636,1
66022,861809,1
66022,102623,2
66022,788458,1
66022,366062,1
66022,707109,1
66022,390979,1
66022,91953,3
66022,836959,1
66022,5270,2
66022,529185,1
66022,697217,1
66022,222846,1
66022,735051,1
66022,133613,1
66022,737098,1
66022,413176,2
66022,192993,2
66022,771636,2
66022,454197,1
66022,354114,2
66022,603244,1
66022,930067,1
66022,108454,1
66022,606667,1
66022,91449,1
66022,980501,1
66022,926514,1
66022,614409,2
66022,66022,14
305297,421046,1
305297,66022,1
810912,810912,1
810912,363094,1
810912,926557,1
688104,263899,1
244750,260959,1
866567,76202,1
626318,746268,1
791753,926514,1
791753,791753,2
791753,651903,1
791753,603244,1
791753,219340,1
791753,771636,1
791753,457457,1
791753,614409,1
791753,630625,1
791753,926557,1
791753,945622,1
906100,5270,1
906100,654697,1
906100,651903,1
906100,771636,1
173068,749233,1
173068,802132,1
173068,502680,1
825200,825200,1
800888,520750,1
800888,739763,1
900034,771636,2
285692,263899,1
933874,933874,1
486930,838762,1
486930,906957,1
772891,5270,1
102623,91953,1
102623,735051,1
102623,13316,1
102623,102623,3
102623,263899,1
102623,5270,1
102623,926514,1
102623,421046,1
102623,445570,1
858557,126485,1
858557,421046,1
858557,858557,1
858557,5270,1
945204,771636,1
910366,267409,1
910366,421046,1
910366,664595,1
20418,788458,1
20418,263899,1
20418,154457,1
76053,858557,1
76053,126485,1
76053,514200,1
690226,219340,1
664697,354114,1
224166,200817,1
224166,305297,1
224166,592686,1
224166,204361,1
224166,717113,1
224166,651903,2
101846,66022,1
101846,101846,1
101846,931618,1
222846,443314,1
222846,926514,1
222846,222846,3
836959,5270,1
445570,988583,1
445570,644977,1
445570,746268,1
226564,838762,1
226564,960113,1
226564,226564,1
226564,771636,1
226564,160519,1
840761,903875,1
840761,401919,1
695577,72343,1
574924,502680,1
288910,5270,1
545364,603244,1
545364,926514,1
545364,66022,1
545364,771636,1
545364,167482,1
425920,66022,1
425920,5270,1
670974,263899,1
655303,5270,1
793335,522133,1
460326,911532,1
315546,315546,1
584852,145792,1
885456,12237,1
894233,673400,1
697217,697217,1
42883,651903,1
992261,745536,1
992261,992261,1
992261,771636,3
992261,717113,1
9833,650053,1
196341,5270,1
89931,838762,1
573928,66022,1
911532,200817,1
911532,413176,1
911532,5270,1
911532,263899,1
539177,385457,1
873927,873927,1
873927,136311,1
873927,381558,1
873927,421046,1
11555,945622,1
11555,241712,1
799263,799263,1
799263,502680,1
193395,502680,1
157828,163203,1
706727,5270,1
600967,267409,1
600967,529185,1
600967,711673,1
207308,120245,1
207308,771636,1
514503,5270,1
771636,108454,1
771636,190173,1
771636,461473,1
771636,22915,1
771636,354114,1
771636,740055,1
771636,101846,2
771636,340739,1
771636,66022,1
771636,267409,1
771636,831057,1
771636,930067,1
771636,235783,1
771636,263899,3
771636,371829,1
771636,421046,2
771636,72343,3
771636,5270,2
771636,805939,1
771636,641851,2
771636,825200,2
771636,771636,11
830897,505097,1
165550,757060,1
165550,421046,1
165550,5270,1
165550,263899,1
165550,771636,1
165550,359538,1
165550,167482,1
165550,502680,1
669010,72343,1
174086,126485,1
200817,788458,1
200817,76202,1
200817,5270,1
200817,988583,1
200817,529185,1
200817,200817,1
200817,218987,1
728850,516103,1
26687,552363,1
443314,421046,2
443314,552363,2
443314,318979,1
443314,614409,5
443314,443314,2
443314,615884,1
443314,771636,1
443314,833280,1
443314,263899,1
443314,926514,3
443314,5270,1
157094,91449,1
157094,614409,3
157094,421046,5
157094,803306,1
157094,788458,1
157094,771636,2
157094,651903,1
157094,783536,1
157094,756774,1
157094,523047,2
157094,157094,1
157094,263899,2
157094,5270,5
738784,421046,1
738784,5270,1
738784,278002,1
738784,443314,1
738784,738784,2
738784,167482,1
738784,95429,1
302357,615884,1
302357,263899,1
302357,738784,1
302357,7235,1
302357,967207,1
815737,361243,1
815737,805939,1
815737,815737,1
613924,421046,1
613924,791753,1
613924,5270,1
613924,926514,1
613924,263899,1
613924,651903,1
826959,771636,1
826959,641851,1
898374,445570,1
898374,157094,1
898374,167482,1
898374,898374,1
555862,921875,1
832382,72343,1
832382,771636,2
681605,651903,2
651903,389108,1
651903,940370,1
651903,576618,1
651903,651903,6
651903,308100,1
651903,783988,1
219339,5270,1
977931,431799,1
123982,421046,1
123982,72343,1
150299,66022,1
147111,651903,1
147111,746268,1
147111,745536,1
147111,147111,1
11871,5270,1
204361,495115,1
842151,366062,1
842151,771636,1
463815,807316,1
463815,65019,1
463815,788955,1
463815,443314,1
463815,463815,1
463815,651903,1
463815,613924,1
463815,219340,1
463815,603244,2
463815,5270,1
13316,62632,1
13316,856559,1
13316,771636,3
13316,13316,1
13316,126485,1
13316,421046,1
215738,421046,1
511296,603244,1
511296,717113,1
485740,5125,1
634173,926514,1
823376,838762,1
80378,651903,1
416032,5270,1
416032,573928,1
416032,502680,1
416032,470480,1
416032,421046,1
416032,361243,1
416032,717113,1
416032,416032,2
416032,771636,1
416032,71295,1
416032,926514,1
416032,457457,1
83547,402848,1
83547,651903,1
76636,747270,1
76636,189218,1
76636,592686,1
76636,711673,1
927214,263899,1
307314,926557,1
307314,229119,1
307314,788955,1
307314,655894,1
307314,441205,1
413003,120245,1
413003,688052,1
688052,902613,1
688052,413176,1
688052,688052,1
921136,615884,1
931038,746268,1
931038,120245,1
931038,66022,1
5125,651903,1
5125,771636,1
5125,421046,2
5125,431799,2
5125,192993,1
5125,903904,1
5125,5270,1
5125,235826,1
5125,562090,1
5125,840034,2
998217,746268,1
998217,421046,2
641195,651903,1
536141,36192,1
167482,91449,2
167482,926514,1
167482,413176,1
167482,614409,2
167482,305780,1
167482,788458,1
167482,102623,1
167482,543093,1
167482,771636,1
167482,167482,5
167482,66022,3
167482,219340,1
167482,154457,1
167482,651903,1
996740,5270,1
361666,771636,1
361666,948019,1
361666,5270,2
280424,278002,1
280424,421046,1
726934,263150,1
726934,421046,1
726934,157094,1
358760,358760,1
383055,655894,1
937615,980501,1
147548,263150,1
99693,421046,1
99693,934658,1
707795,657920,1
707795,5270,1
707795,651903,1
704178,903875,1
235826,235826,1
602004,5270,1
602004,651903,1
764677,267691,1
76202,614409,1
76202,810912,1
76202,76202,2
76202,267691,1
76202,655894,1
76202,219340,1
76202,278002,1
683218,926514,1
683218,603244,1
683218,877709,1
683218,651903,1
663440,800888,1
663440,421046,1
190173,655222,1
190173,167482,1
190173,267691,1
190173,5270,1
190173,614409,1
190173,788955,1
190173,133613,1
190173,651903,1
190173,190173,2
190173,603244,1
190173,345329,1
190173,97934,1
190173,980501,1
190173,49265,1
190173,421046,3
190173,72343,2
609606,771636,1
971209,126485,1
971209,971209,1
797985,377076,1
967207,91449,1
274608,274608,1
274608,126485,1
511183,707109,1
383648,838762,1
838762,76202,1
838762,445570,1
838762,66022,1
838762,771636,1
838762,226564,1
838762,5270,1
838762,160519,1
838762,167371,1
838762,709341,1
838762,838762,1
838762,421046,3
358629,219340,1
266223,305304,1
72000,926514,1
72000,810912,1
515044,749233,1
26362,457457,1
385457,688052,1
710498,263899,1
710498,5270,1
649517,5270,1
926514,443314,1
926514,659124,1
926514,552363,2
926514,49265,1
926514,771636,2
926514,366062,1
926514,200817,1
926514,926514,7
926514,614409,2
926514,66022,1
926514,431799,1
926514,576402,1
926514,830793,1
926514,106378,1
926514,167482,2
926514,651903,1
926514,421046,1
926514,72343,1
926514,655894,1
926514,219340,1
926514,389108,1
926514,263899,2
926514,5270,3
833280,651903,1
833280,833280,1
833280,926514,1
833280,219340,1
833280,421046,2
578827,926514,1
802132,945622,1
802132,802132,1
802132,219340,1
743779,224166,1
641248,318979,1
208297,5270,1
921875,5270,1
921875,189465,1
244613,771636,1
244613,825707,1
244613,5270,2
244613,651903,2
244613,749233,1
244613,173068,1
244613,241712,1
244613,457457,1
381558,381558,1
222088,771636,1
912102,529185,1
521877,614409,1
521877,413176,2
310201,945622,2
814757,502680,1
840034,927017,1
840034,613924,1
354114,413176,1
354114,22168,1
354114,66022,1
354114,746268,1
354114,5270,1
354114,354114,2
354114,263899,2
626613,771636,1
154457,167482,1
154457,126485,1
154457,431799,1
154457,66022,1
154457,154457,1
154457,651903,1
939276,349269,1
450661,421046,1
450661,695463,1
400459,603244,1
614409,603244,1
614409,157094,1
614409,655894,1
614409,930067,1
614409,192993,1
614409,267691,1
614409,413176,1
614409,91449,2
614409,421046,4
614409,5270,6
614409,529185,1
614409,354114,1
614409,219340,2
614409,443314,4
614409,263899,4
614409,810912,2
614409,66022,10
614409,72343,1
614409,614409,18
614409,903904,1
614409,200817,1
614409,926514,9
614409,126485,1
614409,543093,1
614409,167482,6
614409,836959,1
614409,49265,1
614409,771636,4
614409,523047,1
214191,385457,1
214191,91449,2
214191,614409,1
14840,72343,1
14840,5270,1
14840,651903,1
755252,91449,1
755252,614409,1
746268,200817,1
746268,167482,1
746268,102623,1
746268,902613,1
746268,363094,2
746268,644977,1
746268,421046,7
746268,72343,1
746268,995402,1
746268,457457,1
746268,655894,2
746268,445570,2
746268,263899,5
746268,746268,2
746268,945622,1
707109,663440,1
707109,583840,1
707109,318979,1
707109,219340,1
707109,376170,1
707109,318827,1
707109,66022,1
707109,926514,1
707109,36976,1
707109,552363,1
707109,72343,1
707109,421046,4
707109,707109,2
528701,49265,1
528701,263899,1
528701,5270,1
528701,318979,1
906798,906798,1
906798,50304,1
906798,749233,1
120245,421046,1
120245,76202,1
120245,463815,2
120245,120245,1
120245,788955,1
278002,654697,1
278002,579952,1
278002,76202,1
278002,5270,1
278002,278002,1
278002,165931,2
167668,661509,1
454197,454197,1
630625,630625,1
889231,421046,1
889231,711673,1
274530,926514,1
394111,344909,1
394111,737098,1
394111,126485,1
394111,810912,1
394111,200817,1
394111,838762,1
394111,603244,2
394111,263899,1
394111,709341,1
394111,746268,1
394111,926514,1
394111,614409,1
394111,858557,1
394111,615884,1
394111,788955,1
394111,49265,1
917070,661509,1
602729,5270,1
653168,5270,1
780048,592686,1
780048,431799,1
738705,314715,1
738705,771636,1
738705,980501,1
371407,771636,1
371407,502680,1
66274,377803,1
632219,749233,1
182595,5125,1
615884,615884,1
615884,967207,1
903875,713881,1
903875,421046,1
592686,661509,1
205030,102623,1
205030,20421,1
205030,205030,1
766800,241712,1
885870,421046,1
830793,688052,1
830793,830793,1
830793,926514,1
108221,108221,1
277008,5270,1
277008,815737,1
277008,562090,1
277008,431799,1
62632,62632,1
62632,340739,1
62632,263899,1
252468,263899,2
421046,366062,1
421046,66022,1
421046,830793,1
421046,157094,1
421046,91953,1
421046,360989,1
421046,626318,1
421046,655222,2
421046,340739,1
421046,760707,1
421046,709568,1
421046,363094,2
421046,746268,2
421046,376170,1
421046,120245,2
421046,613924,1
421046,788955,2
421046,803306,1
421046,126485,2
421046,274608,1
421046,381558,1
421046,881195,1
421046,911532,1
421046,108221,1
421046,867359,1
421046,862069,1
421046,760012,1
421046,599024,2
421046,693327,1
421046,992261,1
421046,643031,1
421046,800425,1
421046,579952,3
421046,448123,2
421046,971648,1
421046,167482,1
421046,998217,1
421046,890008,1
421046,36976,1
421046,71295,1
421046,111166,1
421046,309206,1
421046,173068,1
421046,72343,1
421046,195078,1
421046,417867,1
421046,106378,1
421046,518983,1
421046,520750,1
421046,873927,1
421046,371829,1
421046,738705,1
421046,471745,1
421046,219340,2
421046,576402,1
421046,726934,1
421046,833280,1
421046,361666,1
421046,165931,1
421046,421046,26
421046,543093,1
421046,298253,1
421046,995402,1
421046,555967,1
421046,5270,1
421046,641851,1
386828,66022,1
700820,263899,1
700820,219340,1
862069,862069,1
862069,693327,1
725351,263899,1
108454,688052,1
108454,5270,1
935600,421046,1
535819,441205,1
535819,777342,1
988583,360989,1
988583,614409,1
988583,603244,1
988583,443314,1
988583,967207,1
340739,340739,1
340739,421046,2
340739,583840,1
340739,200817,1
340739,62632,1
340739,614409,1
340739,361243,1
340739,5270,1
698816,771636,1
66213,421046,1
257210,5270,1
257210,263899,1
257210,421046,1
255111,363094,1
255111,838762,1
659124,659124,1
927017,157094,1
927017,651903,1
927017,421046,1
832623,167482,1
832623,66022,1
644977,695463,1
644977,66022,1
111166,111166,1
390979,263899,1
390979,157094,1
926977,771636,1
926977,952934,1
926977,889160,1
926977,72343,1
926977,431799,1
926977,840034,1
926977,173068,1
926977,715850,1
926977,457457,1
697213,651903,1
413176,91449,1
413176,683309,1
413176,421046,1
413176,833280,1
413176,263899,1
413176,603244,1
413176,354114,1
413176,529185,1
413176,614409,6
413176,413176,3
767098,771636,2
710330,903875,1
114818,66022,1
114818,91449,1
329467,349269,1
950035,651903,1
819368,583840,1
819368,421046,1
819368,5270,1
318942,315546,1
803355,404087,1
162355,558689,1
180967,626318,1
263899,167482,1
263899,91953,2
263899,930067,1
263899,700907,1
263899,511183,1
263899,43304,1
263899,5270,7
263899,377076,1
263899,602729,1
263899,529185,1
263899,746268,2
263899,606667,1
263899,165931,1
263899,421046,4
263899,764677,1
263899,344909,1
263899,615884,1
263899,278002,1
263899,614409,3
263899,651315,1
263899,66022,4
263899,110108,1
263899,454062,1
263899,431799,1
263899,340739,2
263899,688052,1
263899,157094,1
263899,448123,1
263899,715850,1
263899,263899,11
107765,5270,1
50304,50304,1
50304,260456,1
467832,310766,1
467832,502680,1
467832,683763,1
275908,241712,1
448123,855738,1
448123,340739,1
448123,521877,1
448123,707109,1
448123,833280,1
448123,5270,1
448123,603244,1
448123,448123,2
448123,263899,1
448123,126485,1
448123,421046,3
376170,707109,1
376170,278002,1
376170,366062,1
376170,995402,1
376170,518983,1
376170,7320,1
376170,376170,2
869285,552363,1
743777,24272,1
730863,641851,1
281377,651903,1
22832,66022,1
22832,502680,1
519592,5270,1
519592,263899,1
16933,16933,1
711984,579952,1
576618,576618,1
106378,106378,1
861809,219340,1
861809,421046,1
861809,737098,1
861809,7235,1
861809,273273,1
861809,749233,1
861809,861809,1
861809,502680,1
245023,421046,1
456611,5270,1
515298,219340,1
515298,746268,1
509991,340739,1
231606,926514,1
868748,278002,1
868748,5270,1
868748,740055,1
310766,241712,1
7235,603244,2
7235,7235,1
7235,154457,2
7235,729803,1
7235,226564,1
7235,889160,1
136311,5270,1
520750,926557,1
520750,520750,1
995402,926514,1
995402,5270,1
337440,421046,1
587491,421046,1
368270,641851,1
447877,263899,1
685100,236221,1
641218,771636,1
723562,263899,1
723562,655894,1
484198,5270,1
484198,190173,1
484198,72343,1
606667,606667,1
235783,235783,1
235783,771636,1
709341,788458,1
709341,603244,1
709341,529185,2
869295,805939,1
341354,570026,1
583840,421046,1
583840,219340,1
91953,102623,1
91953,421046,1
91953,746268,1
91953,614409,1
91953,91953,5
91953,788458,1
808243,219340,1
552363,167482,1
552363,550006,1
552363,274608,1
552363,614409,1
552363,926514,2
241712,502680,1
646728,651903,1
987969,5270,1
987969,200817,1
987969,651903,1
788458,421046,1
788458,78011,1
788458,695463,1
788458,788458,2
788458,377803,1
156833,749233,1
735051,735051,1
735051,930067,1
315570,263899,1
192993,443314,1
192993,200817,1
192993,192993,2
192993,66022,1
192993,771636,1
192993,641851,1
237502,167482,1
237502,5270,1
237502,945622,1
837085,746268,1
837085,231606,1
652732,263899,1
