community_id,size,num_inside_edges
0,70,83
1,69,88
2,112,147
3,65,88
4,2,2
5,204,303
6,71,103
7,3,2
8,64,85
9,138,187
10,66,77
11,170,295
12,99,133
13,125,186
14,98,134
15,201,413
16,80,109
17,43,57
18,4,5
19,151,250
20,49,55
21,54,66
22,28,31
23,2,1
24,2,1
25,3,3
26,56,73
27,2,1
28,41,54
29,1,1
30,2,1
31,2,1
32,2,3
33,2,1
34,2,1
35,2,1
36,2,2
37,2,1
38,2,1
39,2,1
40,2,1
41,1,1
42,2,2
43,1,1
44,2,1
45,2,1
46,2,1
47,2,1
48,3,2
49,3,2
50,2,1
51,2,1
52,2,1
53,2,1
54,2,1
55,2,1
56,2,1
57,2,1
58,1,1
59,2,1
60,2,1
61,1,1
62,2,1
63,2,1
64,2,1
65,2,2
66,2,1
67,2,1
68,2,1
69,1,1
70,2,1
71,2,1
72,2,1
73,2,1
74,2,1
75,2,1
76,1,1
